1,1.5877,1.5358,1.4863,1.435,1.3843,1.3465,1.2967,1.2481,1.199,1.1626,1.1146,1.0672,1.032,0.97338
1,1.578,1.5307,1.4742,1.4391,1.3927,1.3468,1.3012,1.2573,1.2125,1.1681,1.1242,1.0808,1.038,0.99547
1,1.5705,1.5222,1.4741,1.4365,1.3886,1.3531,1.3053,1.2577,1.2101,1.1735,1.1262,1.079,1.032,1.0082
1,1.5795,1.5291,1.4811,1.4437,1.3942,1.3452,1.3088,1.2606,1.2137,1.1781,1.1312,1.0848,1.0504,1.0046
1,1.6746,1.6209,1.5699,1.53,1.4773,1.425,1.3862,1.3348,1.2977,1.2469,1.1968,1.1595,1.1104,1.0617
1,1.5631,1.5143,1.468,1.4197,1.3719,1.3363,1.2892,1.2438,1.1974,1.1516,1.1175,1.0726,1.0282,0.98413
1,1.5477,1.4966,1.4477,1.4098,1.3597,1.3225,1.2732,1.2367,1.1889,1.1409,1.1052,1.0582,1.0119,0.97682
1,1.6661,1.6132,1.5627,1.5105,1.4588,1.4075,1.3568,1.3074,1.2575,1.2083,1.1717,1.1235,1.0635,1.0282
1,1.5532,1.5025,1.4543,1.4166,1.3669,1.3176,1.281,1.2446,1.1974,1.1497,1.1024,1.0674,1.0212,0.97517
1,1.632,1.5795,1.5294,1.4776,1.4262,1.3881,1.3376,1.2885,1.2389,1.1898,1.1534,1.1054,1.058,1.0105
2,1.8305,1.7689,1.7075,1.6463,1.5852,1.5244,1.4637,1.4032,1.3429,1.2956,1.2355,1.1755,1.1158,1.0563
2,1.6507,1.5952,1.5399,1.4848,1.4023,1.3476,1.293,1.2387,1.1687,1.1146,1.0606,1.0068,0.95329,0.87337
2,2.0277,1.9624,1.8973,1.8324,1.7677,1.7031,1.6388,1.5746,1.5106,1.4607,1.3969,1.3332,1.2698,1.2066
2,2.0468,1.9775,1.9083,1.8394,1.7706,1.7021,1.6337,1.5656,1.4977,1.4444,1.3767,1.3091,1.2419,1.1749
2,1.9665,1.8998,1.8332,1.7669,1.7007,1.6347,1.5689,1.5034,1.438,1.3864,1.3212,1.2562,1.1915,1.127
2,1.7636,1.7105,1.6575,1.6046,1.5518,1.4992,1.4468,1.3945,1.3423,1.3022,1.2501,1.1723,1.1206,1.0692
2,1.9364,1.8779,1.8196,1.7614,1.7033,1.6166,1.5589,1.5015,1.4569,1.3996,1.3139,1.257,1.2003,1.1438
2,2.1174,2.0476,1.978,1.9086,1.8393,1.7703,1.7015,1.6329,1.5645,1.5109,1.4427,1.3407,1.2731,1.2057
2,-1.5316,-1.5301,-1.5271,-1.5226,-1.5166,-1.5091,-1.4952,-1.484,-1.4715,-1.4963,-1.4814,-1.4652,-1.4383,-1.4187
2,2.1875,2.1262,2.0651,2.0041,1.9432,1.8824,1.8219,1.7614,1.7011,1.6557,1.5955,1.5354,1.4756,1.4159
3,0.97642,0.97283,0.97084,0.97044,0.97119,0.95054,0.95309,0.93426,0.91637,0.89943,0.88344,0.86593,0.85157,0.83516
3,1.3136,1.29,1.2726,1.2564,1.2414,1.2114,1.1986,1.1872,1.1597,1.1527,1.1246,1.0995,1.0936,1.0702
3,1.1645,1.149,1.1384,1.1254,1.1167,1.1064,1.0795,1.0714,1.0664,1.0397,1.0364,1.0115,1.0099,0.98681
3,1.2539,1.2268,1.2077,1.1838,1.167,1.1464,1.1039,1.0906,1.0746,1.039,1.0258,0.99152,0.98356,0.94829
3,1.1026,1.0857,1.07,1.0556,1.0424,1.0144,1.006,0.9959,0.97018,0.96231,0.9382,0.93387,0.91119,0.88843
3,1.06,1.0421,1.0254,1.0101,0.99603,0.98634,0.95778,0.94695,0.92002,0.9135,0.88624,0.88148,0.8577,0.83467
3,0.64814,0.61908,0.59856,0.57915,0.55503,0.53827,0.52267,0.48368,0.47035,0.45445,0.44394,0.41279,0.40169,0.37207
3,1.1664,1.1436,1.1223,1.1074,1.089,1.0762,1.0398,1.0254,1.0157,0.98226,0.9744,0.94274,0.91199,0.90696
3,1.1306,1.1159,1.1023,1.09,1.0789,1.0713,1.0463,1.0382,1.0147,1.0088,0.9869,0.98393,0.96345,0.94366
3,1.1141,1.096,1.0792,1.0637,1.0495,1.0397,1.0107,0.99976,0.9724,0.96378,0.93812,0.93331,0.90913,0.8857
4,0.84224,0.78109,0.65939,0.57654,0.45499,0.345,0.23542,0.16558,0.057009,-0.051073,-0.15864,-0.26565,-0.37207,-0.46392
4,1.3808,1.2967,1.2234,1.1503,1.0453,0.97257,0.86775,0.78301,0.67824,0.59349,0.48877,0.404,0.33187,0.22738
4,1.539,1.4731,1.4006,1.3204,1.2403,1.1844,1.1044,1.016,0.93598,0.85601,0.7918,0.71186,0.63197,0.55214
4,1.5384,1.4779,1.4065,1.3411,1.2698,1.1986,1.142,1.0708,0.99956,0.92837,0.87175,0.77955,0.70837,0.65835
4,1.4115,1.3409,1.2993,1.2206,1.1692,1.0853,1.0202,0.95521,0.88495,0.83359,0.7497,0.67961,0.61449,0.54446
4,1.3251,1.2916,1.2252,1.1867,1.1206,1.0654,1.0102,0.94878,0.89359,0.83844,0.78333,0.72827,0.67324,0.60119
4,1.6156,1.5641,1.5057,1.4397,1.3943,1.3284,1.2626,1.209,1.1432,1.0568,1.0032,0.93748,0.87182,0.82706
4,0.8465,0.88252,0.92057,0.91469,0.95589,0.95188,0.95975,0.96901,0.96768,0.96704,0.95518,0.95638,0.93413,0.93688
4,1.434,1.3883,1.3442,1.3018,1.2611,1.2222,1.1689,1.1164,1.0647,0.98828,0.93819,0.87095,0.82223,0.75572
4,1.7113,1.6602,1.6027,1.5378,1.4729,1.4081,1.3433,1.2786,1.214,1.1614,1.0968,1.0322,0.9677,0.90326
5,1.2401,1.2747,1.2982,1.2877,1.2781,1.2694,1.2616,1.3372,1.3313,1.3263,1.3223,1.3191,1.3168,1.3154
5,0.13697,0.15932,0.18313,0.20841,0.24898,0.27778,0.30794,0.33945,0.38915,0.3675,0.40315,0.45893,0.49762,0.4798
5,0.61559,0.62819,0.64389,0.66272,0.68463,0.70962,0.72325,0.7528,0.78534,0.82086,0.85934,0.7954,0.81663,0.86126
5,0.80092,0.81356,0.82848,0.84566,0.86508,0.88674,0.91061,0.93667,0.9649,0.99527,1.0278,0.97953,1.0155,1.0535
5,0.28301,0.30512,0.32863,0.35352,0.3934,0.42164,0.45119,0.482,0.53057,0.50989,0.54466,0.599,0.63665,0.61964
5,0.74309,0.75981,0.77824,0.79836,0.82016,0.84362,0.86872,0.89544,0.93853,0.95368,0.93511,0.96837,1.0031,1.0394
5,0.24594,0.2654,0.28707,0.31093,0.33696,0.36513,0.39542,0.42779,0.46222,0.49866,0.53709,0.50087,0.54256,0.58617
5,0.59853,0.61494,0.63293,0.65249,0.67359,0.69624,0.72039,0.74603,0.77314,0.80171,0.78764,0.80329,0.85232,0.88672
5,0.82986,0.83947,0.85228,0.86826,0.8874,0.89815,0.92199,0.94893,0.97896,1.012,1.0297,0.96514,1.0046,1.0469
5,-0.069078,-0.046782,-0.021964,0.0053448,0.035101,0.067276,0.10183,0.11998,0.15802,0.19833,0.24087,0.20586,0.25208,0.27599
6,2.0001,1.9625,1.9341,1.8964,1.8681,1.8211,1.7928,1.7551,1.713,1.6802,1.6426,1.6005,1.5584,1.5208
6,1.7565,1.7187,1.6897,1.6463,1.6174,1.5774,1.5431,1.5142,1.48,1.4422,1.408,1.3702,1.3324,1.2946
6,1.9256,1.9087,1.876,1.8381,1.7892,1.7513,1.7133,1.67,1.6321,1.6054,1.5675,1.541,1.5032,1.4769
6,0.37025,0.32607,0.2868,0.2361,0.18541,0.14617,0.10194,0.051276,0.012038,-0.032202,-0.076415,-0.1206,-0.15808,-0.1906
6,0.69078,0.66965,0.62343,0.5884,0.53593,0.50098,0.4548,0.40862,0.36245,0.305,0.265,0.21882,0.17884,0.12139
6,1.9267,1.8989,1.856,1.8132,1.7754,1.7325,1.6771,1.6343,1.5914,1.5611,1.5132,1.4779,1.4426,1.3997
6,1.9872,1.941,1.8857,1.8395,1.7933,1.7386,1.6869,1.638,1.589,1.5427,1.4938,1.4475,1.4039,1.3605
6,1.7527,1.7231,1.6766,1.6186,1.5676,1.5283,1.4728,1.4405,1.3966,1.3644,1.3279,1.2842,1.2479,1.2118
6,2.018,1.996,1.9531,1.9101,1.8672,1.834,1.7911,1.7579,1.7206,1.6832,1.65,1.603,1.5754,1.5422
6,1.8468,1.8675,1.8738,1.8312,1.7905,1.7498,1.7028,1.6728,1.6322,1.5916,1.5552,1.5146,1.474,1.427
7,1.7902,1.7951,1.7757,1.7349,1.6302,1.5285,1.4463,1.3478,1.2661,1.1699,1.0736,0.95503,0.85875,0.7855
7,2.0962,2.0932,2.0564,2.0216,1.9171,1.8293,1.7068,1.6005,1.5127,1.4415,1.3888,1.2839,1.1778,1.1083
7,1.8852,1.9326,1.8644,1.777,1.6713,1.5347,1.411,1.3458,1.2404,1.1187,0.99932,0.89263,0.81774,0.68272
7,0.94807,0.97719,0.92429,0.86187,0.7516,0.65457,0.54416,0.42208,0.33678,0.22658,0.080267,0.01911,-0.066226,-0.1883
7,0.10088,0.17042,0.26747,0.28819,0.17214,0.090526,0.012875,-0.071698,-0.18185,-0.26631,-0.3423,-0.42181,-0.53151,-0.61689
7,2.0127,1.938,1.9271,1.855,1.7841,1.7144,1.6665,1.6436,1.5782,1.4916,1.362,1.3209,1.3257,1.2696
7,0.97261,1.1126,1.1834,1.1647,1.0286,0.90922,0.85105,0.71357,0.57725,0.4457,0.31136,0.17848,0.0645,-0.064602
7,2.1328,2.0294,1.9405,1.8522,1.7998,1.6962,1.6105,1.5278,1.4393,1.3368,1.2538,1.1491,1.0636,0.97825
7,0.63152,0.66253,0.59769,0.54601,0.54761,0.43621,0.34811,0.30806,0.20786,0.14623,0.085767,-0.039377,-0.098471,-0.21327
7,1.9962,2.0544,2.0809,2.0345,1.9892,1.8799,1.7921,1.6828,1.5737,1.5192,1.4103,1.3352,1.2135,1.1254
8,1.0029,1.0473,1.0923,1.1379,1.1313,1.1489,1.1436,1.1388,1.1345,1.0776,1.0743,1.0715,1.016,1.0401
8,0.8581,0.8581,0.92772,0.99952,0.99952,1.0734,1.1494,1.1494,1.2272,1.2272,1.1227,1.2038,1.2038,1.1018
8,0.8604,0.90613,0.95257,0.99969,1.0475,1.0959,1.145,1.0864,1.0282,1.0789,1.0217,0.96506,0.90888,0.96181
8,1.1709,1.1709,1.2665,1.2665,1.3664,1.3664,1.4705,1.4705,1.5786,1.5786,1.6905,1.6905,1.8061,1.8061
8,0.81426,0.86703,0.92059,0.97492,0.97152,1.0057,1.0031,0.9989,0.95708,0.95452,0.91352,0.8725,0.8725,0.81281
8,0.90776,0.96215,1.018,1.018,1.0752,1.1339,1.1938,1.2551,1.2551,1.1673,1.2307,1.1444,1.2099,1.2099
8,0.81552,0.86967,0.86536,0.86177,0.83056,0.82803,0.76681,0.79587,0.79515,0.73572,0.73646,0.76681,0.76864,0.71185
8,0.72242,0.75467,0.82115,0.85535,0.89017,0.92562,0.96166,1.0355,1.0733,1.1117,1.1506,1.1345,1.1749,1.2157
8,0.94594,0.9941,1.0438,1.0438,1.0951,1.1478,1.2019,1.2575,1.2575,1.1659,1.2236,1.1334,1.1934,1.1934
8,0.78401,0.78401,0.86081,0.93963,0.93963,1.0204,1.103,1.103,1.1874,1.1874,1.2735,1.3612,1.3612,1.2648
9,0.9273,0.94332,0.93995,0.93397,0.88948,0.80176,0.73615,0.64878,0.57899,0.50454,0.43009,0.36842,0.31994,0.27624
9,1.8401,1.857,1.8746,1.8977,1.917,1.8985,1.8804,1.8679,1.87,1.8391,1.8029,1.7472,1.7371,1.7216
9,1.5685,1.5304,1.4928,1.469,1.4028,1.3556,1.3088,1.2623,1.2162,1.1705,1.1278,1.0825,1.0376,0.99317
9,1.8013,1.7569,1.713,1.646,1.5993,1.553,1.5071,1.4395,1.3943,1.35,1.3048,1.2376,1.1924,1.1489
9,0.39157,0.36945,0.35484,0.33371,0.3209,0.30079,0.2529,0.2056,0.18685,0.17833,0.12287,0.077915,0.061081,0.01741
9,0.89577,0.84614,0.79747,0.74075,0.68432,0.61975,0.5552,0.49067,0.43398,0.36105,0.28008,0.21567,0.16013,0.087942
9,0.52484,0.5008,0.46619,0.4441,0.41249,0.39244,0.37324,0.30996,0.25605,0.19274,0.15643,0.11124,0.075294,0.031038
9,1.5134,1.4679,1.4229,1.3784,1.3332,1.2879,1.2419,1.1964,1.1514,1.1522,1.1083,1.0649,1.0222,0.97698
9,0.12736,0.12338,0.089394,0.077379,0.044375,0.064467,0.095755,0.096596,0.13032,0.16229,0.20594,0.20945,0.20152,0.17406
9,1.8795,1.8251,1.7925,1.7419,1.6947,1.6516,1.6091,1.5811,1.5348,1.4838,1.4327,1.3817,1.3307,1.2938
10,1.0408,1.056,1.0717,1.0983,1.115,1.1423,1.1598,1.1778,1.2062,1.225,1.254,1.2737,1.2937,1.2649
10,1.006,1.0123,1.0379,1.0534,1.071,1.0873,1.1142,1.1224,1.14,1.1585,1.1768,1.2052,1.2147,1.2437
10,1.3627,1.3434,1.314,1.2956,1.2669,1.2291,1.2214,1.1846,1.1574,1.1418,1.1067,1.0808,1.127,1.1702
10,1.0607,1.0758,1.1018,1.109,1.1254,1.1525,1.1697,1.1975,1.2156,1.2247,1.2534,1.2727,1.3019,1.3027
10,1.1139,1.1294,1.1563,1.1728,1.1806,1.2084,1.2263,1.2548,1.2735,1.2927,1.3222,1.3322,1.3723,1.3632
10,1.5579,1.5732,1.558,1.5472,1.5442,1.5296,1.5271,1.5249,1.5229,1.5212,1.5199,1.5,1.5057,1.4987
10,1.0082,1.0248,1.0528,1.0608,1.0788,1.1078,1.1267,1.1465,1.1662,1.1863,1.217,1.238,1.2693,1.2805
10,0.85047,0.85614,0.88287,0.88933,0.91689,0.92412,0.94298,0.96044,0.97982,0.98838,1.0181,1.0274,1.0578,1.0678
10,1.0353,1.0502,1.0758,1.0828,1.099,1.1256,1.1426,1.1608,1.1786,1.2064,1.225,1.2345,1.2632,1.2829
10,1.0538,1.0687,1.0946,1.1016,1.1179,1.1448,1.1619,1.1803,1.1981,1.2263,1.245,1.2545,1.2835,1.3033
11,-0.96732,-0.99863,-1.0291,-1.0588,-1.0588,-1.0875,-1.1152,-1.142,-1.1676,-1.192,-1.2152,-1.2371,-1.2371,-1.2576
11,-0.58176,-0.61906,-0.65594,-0.69237,-0.69237,-0.72833,-0.7638,-0.79873,-0.8331,-0.86686,-0.89998,-0.93242,-0.96412,-0.96412
11,-1.0065,-1.0364,-1.0655,-1.0937,-1.0937,-1.121,-1.1472,-1.1723,-1.1963,-1.2191,-1.2406,-1.2607,-1.2794,-1.2794
11,-1.1671,-1.1906,-1.2127,-1.2334,-1.2334,-1.2527,-1.2704,-1.2864,-1.3008,-1.3134,-1.3242,-1.3242,-1.3331,-1.34
11,1.4638,1.4212,1.3785,1.336,1.2935,1.2935,1.2795,1.2369,1.1943,1.1518,1.1379,1.0953,1.0527,1.0102
11,0.41859,0.46244,0.46244,0.50646,0.55065,0.59499,0.6395,0.6395,0.68414,0.72893,0.77385,0.77385,0.8189,0.86407
11,-0.45398,-0.41427,-0.41427,-0.374,-0.33319,-0.2919,-0.2919,-0.25014,-0.20793,-0.16531,-0.16531,-0.1223,-0.07892,-0.035194
11,1.0839,1.1296,1.1296,1.1755,1.2214,1.2674,1.3135,1.3135,1.3597,1.3428,1.3893,1.4358,1.4358,1.42
11,-0.16863,-0.12885,-0.12885,-0.088657,-0.048062,-0.0070908,0.03424,0.03424,0.075915,0.11791,0.16022,0.20281,0.20281,0.24569
11,0.82342,0.86993,0.86993,0.91653,0.96324,1.01,1.01,1.0569,1.1039,1.151,1.151,1.1981,1.2454,1.2927
12,1.2948,1.2968,1.2983,1.3023,1.3048,1.3108,1.3143,1.3222,1.3267,1.2889,1.299,1.3045,1.3164,1.3229
12,1.3832,1.3838,1.3846,1.3872,1.389,1.3911,1.3962,1.3992,1.4063,1.4103,1.4192,1.4241,1.4294,1.4408
12,1.5389,1.5387,1.5394,1.5,1.5009,1.5022,1.4644,1.4664,1.4688,1.4322,1.4353,1.396,1.3996,1.3643
12,1.3818,1.3839,1.3854,1.3874,1.3922,1.3952,1.4022,1.4062,1.4105,1.4203,1.4256,1.4374,1.4438,1.4112
12,1.5631,1.5631,1.5636,1.5655,1.5274,1.5288,1.4926,1.4947,1.4998,1.5029,1.4683,1.4721,1.4761,1.4852
12,1.5017,1.5031,1.507,1.5095,1.5125,1.472,1.4349,1.4387,1.4428,1.4071,1.3668,1.3719,1.3773,1.343
12,1.5253,1.5252,1.5253,1.5269,1.5282,1.5299,1.532,1.5344,1.5372,1.544,1.548,1.5523,1.557,1.5621
12,1.3893,1.3976,1.4022,1.4125,1.4182,1.3848,1.3912,1.405,1.4123,1.381,1.3891,1.4063,1.3675,1.3862
12,1.5198,1.5198,1.4784,1.4789,1.4811,1.4828,1.4872,1.4899,1.493,1.5003,1.5045,1.514,1.5193,1.5309
12,1.6068,1.6091,1.6147,1.618,1.6217,1.63,1.6347,1.6398,1.6452,1.657,1.6634,1.6246,1.5928,1.6
13,0.57491,0.58599,0.56675,0.54584,0.5434,0.56007,0.60339,0.63312,0.65368,0.64286,0.60971,0.54409,0.49293,0.4613
13,0.84371,0.84602,0.84926,0.83092,0.81394,0.77054,0.72997,0.74186,0.75231,0.74149,0.70066,0.66473,0.62965,0.61775
13,0.88783,0.88031,0.89636,0.89112,0.90999,0.94847,0.97025,0.95176,0.95226,0.95378,0.9319,0.95983,0.97186,0.97768
13,0.77318,0.75697,0.72418,0.65449,0.60387,0.55655,0.48712,0.41775,0.34843,0.2596,0.16809,0.12109,0.071926,0.025285
13,0.5986,0.57581,0.56159,0.5241,0.50534,0.46955,0.43972,0.4049,0.39082,0.37874,0.34709,0.31623,0.28871,0.25909
13,0.32059,0.26964,0.23381,0.19945,0.15906,0.11968,0.081387,0.035587,-0.0097705,-0.054662,-0.09395,-0.14756,-0.19143,-0.24471
13,1.6476,1.6903,1.7224,1.7553,1.7889,1.8231,1.8466,1.8601,1.8523,1.8451,1.8168,1.7892,1.7502,1.7022
13,0.45228,0.46724,0.48062,0.4618,0.44393,0.42702,0.44953,0.48334,0.51295,0.53959,0.54799,0.53759,0.52191,0.49944
13,0.64589,0.64423,0.64329,0.64423,0.64589,0.64996,0.65589,0.66087,0.64183,0.62371,0.60654,0.61498,0.59489,0.58011
13,0.47967,0.4365,0.39748,0.34449,0.31779,0.30399,0.34027,0.36074,0.3532,0.31746,0.26928,0.23638,0.24678,0.24433
14,1.7699,1.6998,1.6297,1.5597,1.4719,1.4194,1.3493,1.2792,1.2091,1.1392,1.0697,1.0016,0.93513,0.90509
14,0.34534,0.36171,0.38016,0.40794,0.39563,0.42032,0.44696,0.43882,0.46883,0.46332,0.47035,0.50568,0.46614,0.46578
14,1.3228,1.2498,1.1972,1.1081,1.0019,0.93221,0.84311,0.71776,0.62866,0.5202,0.41423,0.36527,0.31866,0.36324
14,1.1942,1.1211,1.049,0.94092,0.82147,0.74903,0.65281,0.55753,0.51253,0.46964,0.42894,0.3533,0.27887,0.19832
14,0.76676,0.76238,0.76025,0.76144,0.72874,0.73396,0.70686,0.67864,0.6516,0.63056,0.64655,0.69284,0.71264,0.70079
14,1.4117,1.3388,1.262,1.1806,1.0707,0.98573,0.90183,0.82124,0.74075,0.66037,0.57865,0.47195,0.39234,0.36702
14,2.1975,2.1079,2.033,2.0053,1.899,1.7928,1.6989,1.605,1.4658,1.3826,1.3585,1.2912,1.2248,1.1358
14,0.90297,0.94927,0.95499,0.97281,1.0518,1.0963,1.0853,1.0987,1.0913,1.1211,1.1887,1.2446,1.281,1.3555
14,1.7348,1.6655,1.5976,1.5313,1.4339,1.3529,1.2769,1.1747,1.0941,1.0349,0.94661,0.95704,0.95318,0.94444
14,0.21412,0.188,0.19485,0.17319,0.15383,0.16727,0.18283,0.1339,0.11643,0.070115,-0.012302,-0.10189,-0.16932,-0.26658
15,1.6509,1.6481,1.6459,1.6444,1.6434,1.6431,1.6434,1.6444,1.6459,1.6481,1.6509,1.5976,1.6011,1.6051
15,1.5228,1.5186,1.515,1.512,1.5075,1.5061,1.5053,1.4543,1.454,1.4543,1.4552,1.4042,1.4056,1.3566
15,1.5635,1.5621,1.5613,1.5613,1.5104,1.5112,1.5126,1.4618,1.4637,1.4662,1.4154,1.4221,1.3714,1.3756
15,1.4817,1.4773,1.4735,1.4703,1.4676,1.4656,1.4641,1.4629,1.4632,1.4641,1.4656,1.4676,1.416,1.4187
15,1.5522,1.5505,1.5487,1.5485,1.5487,1.5029,1.4563,1.4575,1.4591,1.4148,1.3683,1.3709,1.374,1.3312
15,1.5437,1.5424,1.4924,1.4921,1.4428,1.4431,1.3938,1.3959,1.3467,1.3485,1.2993,1.3047,1.3081,1.3121
15,1.5427,1.5373,1.4957,1.4935,1.4904,1.4894,1.4888,1.4888,1.4471,1.4487,1.407,1.4084,1.3685,1.3707
15,1.5767,1.5746,1.5718,1.5711,1.5708,1.5711,1.5729,1.5248,1.5265,1.5286,1.4831,1.435,1.4382,1.3901
15,1.4944,1.4921,1.4905,1.4895,1.4892,1.4895,1.4346,1.4356,1.3807,1.2708,1.2725,1.2176,1.22,1.1652
15,1.4565,1.4542,1.4511,1.4503,1.4501,1.4503,1.4511,1.4542,1.4565,1.4594,1.4094,1.4128,1.3668,1.3712
16,1.6906,1.6768,1.636,1.5955,1.5269,1.4926,1.4521,1.3834,1.3148,1.2462,1.2527,1.1843,1.1572,1.1306
16,1.4872,1.4748,1.4342,1.3938,1.3536,1.3186,1.2486,1.219,1.1899,1.1551,1.1679,1.1403,1.1132,1.0866
16,1.5149,1.5,1.457,1.4143,1.4079,1.3355,1.2932,1.2569,1.227,1.1976,1.1687,1.1762,1.1483,1.0767
16,1.6756,1.6599,1.6178,1.576,1.5625,1.5214,1.5154,1.4748,1.4344,1.3644,1.335,1.3061,1.3124,1.2844
16,1.5819,1.567,1.5259,1.485,1.4443,1.41,1.3416,1.2733,1.205,1.1709,1.1027,1.0345,0.99338,0.98666
16,1.5974,1.5845,1.5435,1.5028,1.4329,1.3923,1.3573,1.328,1.2992,1.2709,1.2431,1.2505,1.1813,1.1121
16,1.5451,1.5395,1.5006,1.4619,1.4234,1.356,1.2885,1.2211,1.1926,1.1645,1.1369,1.1498,1.1236,1.0978
16,1.6812,1.6678,1.6557,1.6159,1.5764,1.5371,1.498,1.4294,1.3609,1.2923,1.2581,1.229,1.2005,1.1724
16,1.6558,1.6447,1.6034,1.5624,1.4899,1.4537,1.4224,1.35,1.3194,1.2472,1.2532,1.2236,1.1946,1.1661
16,1.6472,1.6351,1.5941,1.5533,1.5127,1.4771,1.406,1.3348,1.3046,1.2336,1.2394,1.2102,1.1815,1.1533
17,0.93338,0.87694,0.79465,0.72267,0.66185,0.64198,0.60418,0.57078,0.53488,0.48424,0.43464,0.3861,0.35407,0.30772
17,1.7934,1.7772,1.748,1.7193,1.6766,1.6194,1.5623,1.5019,1.4448,1.3877,1.3158,1.2652,1.2182,1.186
17,0.5781,0.55696,0.4997,0.52749,0.59646,0.59775,0.58137,0.61663,0.65323,0.67586,0.68474,0.69525,0.72791,0.76253
17,0.24486,0.20719,0.15819,0.1224,0.070068,0.021408,-0.029625,-0.10143,-0.18007,-0.24757,-0.32281,-0.36707,-0.4216,-0.46058
17,1.7628,1.7526,1.7215,1.6943,1.6517,1.6094,1.5511,1.4929,1.4347,1.3603,1.286,1.2116,1.1534,1.0816
17,0.20031,0.16859,0.13809,0.10621,0.056651,0.029302,-0.00029539,-0.073003,-0.1418,-0.18791,-0.24627,-0.3087,-0.35275,-0.39996
17,0.29044,0.26066,0.23207,0.1791,0.15234,0.1042,0.075402,0.024267,-0.044962,-0.10499,-0.18344,-0.25713,-0.32564,-0.32798
17,1.8434,1.8204,1.798,1.7561,1.7146,1.6753,1.6066,1.5602,1.51,1.4413,1.3745,1.3097,1.2594,1.2298
17,1.7256,1.6571,1.6155,1.5484,1.4814,1.428,1.3618,1.3085,1.2552,1.1881,1.1358,1.071,1.0037,0.94923
17,1.7635,1.7534,1.7282,1.7035,1.663,1.6227,1.5843,1.5276,1.4543,1.3809,1.3477,1.2947,1.2601,1.2095
18,1.702,1.6981,1.6872,1.6632,1.6565,1.6534,1.6091,1.5855,1.5649,1.5031,1.4619,1.4383,1.4177,1.3559
18,1.5736,1.5649,1.5566,1.5303,1.5227,1.4966,1.4707,1.4448,1.4,1.3742,1.3294,1.2846,1.2398,1.2174
18,1.6978,1.6833,1.6695,1.6562,1.6435,1.6373,1.6046,1.593,1.5606,1.5283,1.4746,1.4209,1.3941,1.3617
18,1.6687,1.6596,1.6508,1.6256,1.6173,1.5924,1.5636,1.5389,1.5142,1.4721,1.43,1.388,1.3249,1.2829
18,1.6785,1.6685,1.6589,1.6451,1.6362,1.6236,1.6156,1.608,1.5844,1.5574,1.5141,1.4743,1.4345,1.3749
18,1.5103,1.5017,1.4934,1.4855,1.4607,1.4535,1.4289,1.4044,1.3622,1.3377,1.2955,1.2533,1.211,1.1688
18,1.5955,1.5832,1.5713,1.5599,1.5489,1.5385,1.5285,1.5002,1.4719,1.4673,1.4202,1.373,1.3259,1.2977
18,1.622,1.6127,1.6037,1.5951,1.5829,1.5752,1.5512,1.5273,1.5035,1.4763,1.4357,1.3951,1.3545,1.2937
18,1.6036,1.5949,1.5865,1.5626,1.5547,1.5273,1.5038,1.4803,1.4405,1.4007,1.3772,1.3374,1.2976,1.2379
18,1.6142,1.6049,1.5959,1.5873,1.5791,1.5542,1.5465,1.5219,1.4764,1.4346,1.3927,1.3509,1.3263,1.2845
19,1.0811,1.0317,0.95373,0.88577,0.8184,0.72956,0.66831,0.61725,0.58998,0.58047,0.5332,0.48721,0.42798,0.37525
19,1.5187,1.4812,1.4451,1.3938,1.3429,1.2588,1.2193,1.1859,1.1928,1.162,1.1329,1.1053,1.0588,1.0339
19,0.61567,0.62051,0.5793,0.51081,0.41646,0.36462,0.26802,0.2168,0.16607,0.11583,0.065151,0.06315,0.015138,-0.055995
19,0.89794,0.88142,0.86643,0.85296,0.84105,0.83069,0.83069,0.82191,0.81471,0.73307,0.72735,0.72326,0.64143,0.63892
19,1.8401,1.7992,1.7186,1.679,1.6398,1.5917,1.5526,1.4566,1.4091,1.3619,1.315,1.2224,1.181,1.14
19,1.0052,0.9826,0.9228,0.91275,0.94833,0.9109,0.87829,0.84618,0.83354,0.80056,0.79394,0.76356,0.75965,0.73194
19,0.33085,0.31012,0.29835,0.24729,0.19772,0.18799,0.18215,0.18019,0.13987,0.14446,0.19081,0.19772,0.24729,0.29835
19,0.98188,0.97807,0.93175,0.90037,0.88531,0.88567,0.8872,0.84518,0.82039,0.76361,0.69602,0.65763,0.71124,0.78426
19,1.5259,1.4699,1.415,1.3614,1.3001,1.2215,1.1435,1.1101,1.0149,0.97078,0.88261,0.81293,0.75044,0.6882
19,0.97255,0.96309,0.94682,0.94001,0.93411,0.87234,0.86727,0.85988,0.85756,0.85618,0.79417,0.7937,0.73217,0.7336
20,-0.42426,-0.4616,-0.49847,-0.53487,-0.57074,-0.60609,-0.64087,-0.67505,-0.70861,-0.74151,-0.77372,-0.80519,-0.8359,-0.86579
20,-0.43521,-0.4715,-0.50732,-0.54263,-0.57742,-0.61165,-0.64529,-0.67832,-0.7107,-0.7424,-0.77337,-0.80359,-0.83302,-0.87101
20,-0.42354,-0.46088,-0.49776,-0.53417,-0.57005,-0.60541,-0.64019,-0.67439,-0.70796,-0.74086,-0.77307,-0.80455,-0.83527,-0.86517
20,-0.42728,-0.46468,-0.50163,-0.53809,-0.57404,-0.60945,-0.6443,-0.67855,-0.71218,-0.74514,-0.77741,-0.80894,-0.83971,-0.86966
20,-0.47006,-0.50489,-0.53918,-0.57291,-0.60721,-0.64093,-0.67403,-0.70647,-0.73824,-0.76928,-0.80607,-0.837,-0.89642,-0.93465
20,-0.39338,-0.43015,-0.46645,-0.50226,-0.53755,-0.57229,-0.60645,-0.64001,-0.67294,-0.7052,-0.73677,-0.76759,-0.79764,-0.82687
20,-0.45156,-0.48776,-0.5235,-0.55874,-0.59345,-0.6276,-0.66117,-0.69533,-0.72889,-0.76182,-0.79407,-0.8256,-0.85639,-0.88639
20,-0.42551,-0.46253,-0.49908,-0.53517,-0.57074,-0.60578,-0.64026,-0.67416,-0.70743,-0.74005,-0.77198,-0.80318,-0.83363,-0.86327
20,-0.44862,-0.48555,-0.52201,-0.55795,-0.59335,-0.62819,-0.66243,-0.69605,-0.729,-0.76126,-0.79279,-0.82355,-0.85349,-0.89216
20,-0.42185,-0.45828,-0.49422,-0.52963,-0.56449,-0.59878,-0.63247,-0.66551,-0.69789,-0.72957,-0.7605,-0.79066,-0.82,-0.8592
21,1.9253,1.998,2.035,2.0209,2.008,1.9572,1.9462,1.8962,1.7971,1.7479,1.6503,1.554,1.5965,1.502
21,1.5713,1.599,1.6135,1.6441,1.6114,1.628,1.5969,1.6146,1.5186,1.5371,1.4418,1.3942,1.3665,1.3397
21,1.2076,1.2212,1.2363,1.2529,1.2709,1.2904,1.3112,1.3221,1.345,1.3188,1.3439,1.3192,1.295,1.2715
21,1.7416,1.8037,1.8674,1.8999,1.9661,1.9517,1.9037,1.8909,1.8792,1.8324,1.7395,1.7305,1.6849,1.5946
21,1.8708,1.9335,1.9978,2.0305,2.0971,2.1651,2.1183,2.1067,2.0962,2.0505,1.9598,1.878,1.8329,1.751
21,1.8542,1.9199,1.9873,1.9386,1.925,1.9125,1.865,1.8542,1.8074,1.7983,1.7066,1.6611,1.5709,1.4818
21,1.0426,1.0525,1.0643,1.078,1.0937,1.1112,1.1207,1.1411,1.1632,1.1872,1.213,1.2265,1.1961,1.2256
21,1.7171,1.7846,1.8191,1.8896,1.9619,1.9987,2.0737,2.1118,2.0983,2.1772,2.2173,2.2072,2.157,2.1487
21,1.8269,1.8889,1.9526,1.9851,1.9704,1.9569,1.9444,1.8981,1.8872,1.8775,1.8323,1.7427,1.6541,1.5665
21,1.8282,1.8938,1.8778,1.9118,1.8976,1.8846,1.9204,1.8252,1.815,1.7683,1.6756,1.5839,1.5385,1.4483
22,1.5489,1.5545,1.5609,1.5682,1.5742,1.5828,1.5749,1.5649,1.5225,1.4803,1.4354,1.3756,1.3158,1.2917
22,1.4106,1.4011,1.3998,1.3649,1.3378,1.3708,1.4067,1.4344,1.4268,1.3837,1.3304,1.3021,1.2791,1.2448
22,1.2876,1.2905,1.2942,1.2746,1.219,1.1736,1.1422,1.1563,1.183,1.1977,1.2251,1.2404,1.2576,1.2751
22,1.4639,1.4698,1.476,1.4828,1.4899,1.4759,1.484,1.4926,1.4754,1.4584,1.468,1.4565,1.467,1.451
22,1.2648,1.2724,1.2289,1.2033,1.1599,1.1125,1.069,1.0256,0.98213,0.99028,0.97732,0.98654,0.99625,0.97983
22,1.5478,1.5404,1.5339,1.5283,1.4937,1.4616,1.3974,1.3332,1.2987,1.2645,1.2625,1.2286,1.1643,1.1615
22,1.3465,1.3515,1.3407,1.3472,1.3527,1.3737,1.3801,1.3396,1.312,1.2695,1.222,1.2021,1.1547,1.0947
22,1.4065,1.3998,1.3941,1.3892,1.3852,1.3821,1.3493,1.3167,1.2851,1.222,1.1896,1.1887,1.2202,1.2206
22,1.4571,1.457,1.4564,1.4486,1.44,1.4152,1.3891,1.3557,1.33,1.297,1.2718,1.2392,1.2144,1.1992
22,1.5051,1.5068,1.509,1.5118,1.4914,1.4697,1.4481,1.4267,1.4054,1.3843,1.3894,1.4184,1.4245,1.4311
23,1.7165,1.7066,1.6665,1.6418,1.605,1.5687,1.5292,1.4935,1.4583,1.4351,1.3962,1.362,1.3283,1.2951
23,1.8685,1.8588,1.8168,1.7785,1.7408,1.7034,1.6621,1.6254,1.5893,1.5655,1.5248,1.4898,1.4553,1.4214
23,1.7424,1.7345,1.6967,1.6629,1.6406,1.6032,1.5704,1.5332,1.501,1.4642,1.4274,1.4065,1.37,1.3234
23,1.6726,1.6637,1.625,1.5897,1.5665,1.5319,1.4938,1.4599,1.4264,1.3934,1.356,1.3344,1.3024,1.2709
23,1.6346,1.628,1.5939,1.5738,1.544,1.5146,1.481,1.4522,1.4238,1.3959,1.363,1.3448,1.3178,1.2913
23,1.6775,1.6683,1.6286,1.6044,1.5685,1.5331,1.4939,1.4591,1.4248,1.3909,1.3525,1.3303,1.2975,1.2653
23,1.6864,1.6766,1.6393,1.616,1.5813,1.547,1.5102,1.4765,1.4432,1.4103,1.374,1.3525,1.3205,1.2891
23,1.6723,1.6644,1.6279,1.5952,1.5736,1.5415,1.5056,1.4741,1.4431,1.4125,1.3773,1.3573,1.3277,1.2987
23,1.8263,1.8155,1.7738,1.7478,1.7091,1.671,1.6298,1.5923,1.5552,1.5308,1.4902,1.4542,1.4186,1.3836
23,1.7785,1.7714,1.7288,1.6994,1.6704,1.6286,1.6002,1.5722,1.5447,1.5039,1.477,1.4506,1.4245,1.385
24,2.0139,1.9987,1.9921,1.9862,1.9144,1.9098,1.906,1.7725,1.7058,1.5723,1.5056,1.4389,1.3764,1.3098
24,1.7045,1.696,1.6812,1.675,1.6697,1.6652,1.6586,1.5975,1.5954,1.5942,1.5942,1.5331,1.5344,1.4733
24,1.6843,1.6733,1.6365,1.6006,1.5656,1.5609,1.5583,1.5579,1.5282,1.4676,1.4394,1.3797,1.3203,1.2283
24,1.7937,1.7715,1.7513,1.7332,1.7172,1.6611,1.6481,1.6372,1.6326,1.5793,1.5727,1.5209,1.4697,1.419
24,1.7891,1.7891,1.7646,1.7646,1.7433,1.7252,1.7252,1.7104,1.7104,1.6988,1.6988,1.6905,1.6905,1.6855
24,1.8801,1.8688,1.8585,1.8491,1.8405,1.826,1.7554,1.7495,1.7444,1.6737,1.6695,1.5987,1.5279,1.4571
24,1.9135,1.8928,1.8527,1.8067,1.767,1.7222,1.7463,1.7375,1.7262,1.7171,1.6782,1.6745,1.6375,1.6016
24,1.8814,1.8659,1.8512,1.8373,1.8244,1.7571,1.7448,1.7334,1.6552,1.5876,1.5777,1.5688,1.5009,1.433
24,1.745,1.745,1.7236,1.7236,1.707,1.707,1.707,1.695,1.695,1.6878,1.6878,1.6854,1.6854,1.6878
24,1.696,1.6746,1.6746,1.6551,1.6375,1.622,1.622,1.6085,1.5971,1.5971,1.5877,1.5803,1.5751,1.5751
25,-0.30057,-0.30898,-0.31898,-0.3239,-0.32866,-0.33007,-0.32954,-0.32743,-0.32161,-0.31599,-0.30495,-0.2908,-0.27967,-0.26046
25,-0.15555,-0.15941,-0.16173,-0.16231,-0.19688,-0.19278,-0.1881,-0.22021,-0.20901,-0.23935,-0.22907,-0.25184,-0.23836,-0.22335
25,1.9628,1.8794,1.7967,1.7103,1.6285,1.5475,1.4276,1.3487,1.2708,1.1937,1.1177,1.0054,0.93182,0.8463
25,1.9039,1.8778,1.8397,1.8151,1.7624,1.7274,1.7048,1.6722,1.6513,1.6212,1.602,1.5537,1.5357,1.5101
25,1.6716,1.5973,1.506,1.4695,1.3975,1.327,1.2364,1.2018,1.1339,1.0438,1.0106,0.94534,0.88176,0.79267
25,1.4231,1.3944,1.3668,1.3401,1.3146,1.2901,1.2667,1.2445,1.1885,1.1578,1.1388,1.084,1.0666,1.0126
25,1.9079,1.844,1.7968,1.7504,1.6847,1.6395,1.5949,1.5308,1.4876,1.4245,1.3758,1.3135,1.2652,1.2248
25,1.9445,1.8987,1.8387,1.7946,1.7513,1.6871,1.6452,1.6041,1.5551,1.5153,1.4636,1.4259,1.3891,1.3303
25,1.6762,1.6394,1.5917,1.5569,1.5005,1.4558,1.4231,1.3915,1.3507,1.3213,1.293,1.2567,1.2308,1.2059
25,1.7343,1.6833,1.6498,1.6005,1.5431,1.4955,1.4643,1.4186,1.3741,1.3309,1.3027,1.2616,1.2083,1.1692
26,0.89001,0.86114,0.81651,0.76233,0.70798,0.61854,0.52897,0.43744,0.34766,0.26251,0.16656,0.077426,-0.011518,-0.10026
26,0.84012,0.83727,0.81614,0.76237,0.67199,0.62599,0.57094,0.52913,0.43076,0.37199,0.33692,0.31644,0.27663,0.24992
26,2.4985,2.44,2.3619,2.2639,2.1858,2.1123,2.0144,1.9362,1.8383,1.7405,1.7064,1.7175,1.7584,1.7718
26,0.94215,0.99091,1.0432,1.0745,1.099,1.1363,1.1901,1.2424,1.3065,1.3792,1.4659,1.5413,1.6221,1.7132
26,1.302,1.2554,1.184,1.1158,1.04,0.96796,0.90463,0.85399,0.7957,0.71491,0.64649,0.58362,0.50953,0.43343
26,1.6152,1.5406,1.4579,1.3809,1.3054,1.2529,1.1976,1.1337,1.1236,1.0804,1.0388,0.99897,0.9609,0.9071
26,0.46491,0.47108,0.47298,0.42711,0.38117,0.30748,0.22387,0.13868,0.11529,0.045284,-0.0474,-0.13038,-0.21982,-0.3099
26,1.322,1.2459,1.267,1.3303,1.3779,1.357,1.3064,1.2534,1.1835,1.0878,1.0446,1.01,1.0076,0.96963
26,1.3952,1.3238,1.2145,1.138,1.0506,0.94676,0.84838,0.75042,0.6366,0.53522,0.42907,0.34727,0.32639,0.32946
26,0.98335,0.90955,0.83932,0.74565,0.67336,0.65692,0.63854,0.6262,0.59142,0.58028,0.57416,0.53727,0.496,0.45693
27,1.479,1.4405,1.3856,1.3451,1.3051,1.2676,1.2284,1.1897,1.153,1.0998,1.0468,0.97841,0.92568,0.87422
27,2.0302,2,1.9559,1.9274,1.8828,1.8245,1.7801,1.7225,1.6783,1.6343,1.5592,1.4841,1.4221,1.347
27,1.8738,1.8285,1.779,1.7386,1.6842,1.63,1.5759,1.5363,1.4743,1.4289,1.3692,1.2971,1.2312,1.1714
27,2.1975,2.1713,2.1459,2.1211,2.0673,2.0256,1.9724,1.931,1.8897,1.8374,1.7963,1.7553,1.6842,1.6237
27,1.6163,1.6075,1.5367,1.4828,1.4457,1.3921,1.3386,1.3007,1.2645,1.2118,1.1593,1.1229,1.0709,0.987
27,1.8119,1.8436,1.8316,1.8645,1.8981,1.86,1.805,1.7503,1.6959,1.6417,1.5879,1.5335,1.4884,1.4531
27,1.9802,1.951,1.9085,1.8811,1.8249,1.7823,1.7102,1.6843,1.6419,1.5699,1.498,1.4557,1.3963,1.3243
27,1.9303,1.901,1.8585,1.8311,1.787,1.7297,1.6858,1.642,1.5855,1.542,1.4673,1.4052,1.3305,1.287
27,1.8341,1.8188,1.8043,1.7609,1.7482,1.6907,1.6334,1.5918,1.5341,1.4775,1.4212,1.3481,1.274,1.1989
27,1.8119,1.7746,1.7567,1.7226,1.6554,1.6396,1.6096,1.5582,1.4925,1.4786,1.4527,1.3887,1.3367,1.2728
28,0.77698,0.78554,0.7138,0.64169,0.5697,0.50736,0.4483,0.38665,0.32543,0.26716,0.23442,0.2415,0.25101,0.26292
28,0.62947,0.65183,0.64143,0.66911,0.62638,0.58481,0.49882,0.40455,0.33079,0.25743,0.21337,0.14094,0.068976,-0.0025022
28,0.93917,0.94866,0.93248,0.83318,0.73072,0.67505,0.61987,0.56521,0.48612,0.43253,0.37823,0.32615,0.25032,0.17609
28,1.3094,1.291,1.2478,1.1781,1.1121,1.0719,1.004,0.93892,0.93184,0.89798,0.83337,0.73832,0.70639,0.64377
28,1.6236,1.5891,1.5374,1.4769,1.397,1.3072,1.2476,1.1991,1.1626,1.1418,1.1535,1.1669,1.1819,1.2144
28,1.0875,1.082,1.0798,1.0521,1.0122,0.98836,0.9507,0.90139,0.83698,0.75647,0.64535,0.57006,0.50923,0.46092
28,1.5419,1.5118,1.4618,1.4133,1.3662,1.3205,1.2763,1.2214,1.1552,1.0666,1.0054,0.93162,0.88596,0.82779
28,0.59738,0.62132,0.59958,0.54523,0.45723,0.40312,0.34275,0.3035,0.24448,0.20682,0.14926,0.11329,0.073773,0.040049
28,0.62409,0.59255,0.54688,0.50367,0.46405,0.42558,0.37358,0.30607,0.23957,0.19107,0.12727,0.029207,-0.069659,-0.17209
28,1.0415,1.0222,1.0055,0.98971,0.97725,0.95561,0.93714,0.89425,0.85284,0.79942,0.76047,0.72324,0.70102,0.66712
29,-0.95838,-0.96945,-0.9787,-0.98611,-0.99168,-0.99539,-0.99726,-1.0403,-1.0393,-1.0382,-1.0793,-1.1198,-1.1141,-1.1531
29,-0.94146,-0.9506,-0.95794,-0.96345,-0.96713,-0.96897,-0.96897,-1.0115,-1.0087,-1.0041,-1.0442,-1.0838,-1.0798,-1.1132
29,-0.84119,-0.84217,-0.84119,-0.83826,-0.83339,-0.82657,-0.87008,-0.86027,-0.84852,-0.88928,-0.92941,-0.96888,-1.0077,-0.99884
29,-0.96702,-0.9697,-0.97059,-0.9697,-0.96702,-0.96256,-0.95633,-0.99433,-0.98535,-0.97461,-1.0101,-0.99658,-1.0304,-1.0141
29,-1.0066,-1.0084,-1.0084,-1.0066,-1.0467,-1.0421,-1.0807,-1.1188,-1.1104,-1.1469,-1.1356,-1.1705,-1.1563,-1.1895
29,-0.96078,-0.9655,-0.96834,-0.96928,-1.0126,-1.0106,-1.0524,-1.0937,-1.0879,-1.1275,-1.1234,-1.1135,-1.151,-1.1381
29,-0.85052,-0.85403,-0.85579,-0.85579,-0.85403,-0.85052,-0.89017,-0.88398,-0.87602,-0.91325,-0.94993,-0.98604,-1.0216,-1.0565
29,-0.94451,-0.95253,-0.95879,-0.96326,-0.96595,-0.96684,-0.96595,-1.006,-1.0044,-0.99991,-0.99359,-1.0308,-1.0217,-1.0573
29,-0.91118,-0.91921,-0.92547,-0.92994,-0.93263,-0.93352,-0.93263,-0.97316,-0.96954,-0.96412,-1.0022,-0.99837,-0.98927,-1.0254
29,-0.76462,-0.76556,-0.76462,-0.76179,-0.75708,-0.75049,-0.79254,-0.78306,-0.7717,-0.81109,-0.84987,-0.88801,-0.92551,-0.96235
60,1.6053,1.6065,1.6083,1.6107,1.6136,1.6172,1.6213,1.626,1.6313,1.6101,1.6163,1.599,1.5787,1.5585
60,2.0564,2.056,2.0564,2.0576,2.0596,2.0609,2.0641,2.0354,2.007,2.0119,1.9813,1.9536,1.9261,1.8988
60,1.5949,1.5926,1.5919,1.5913,1.5915,1.5919,1.5936,1.5949,1.5984,1.6006,1.6058,1.6088,1.6157,1.6196
60,1.8417,1.8426,1.8444,1.847,1.8506,1.821,1.826,1.7972,1.7686,1.7754,1.7477,1.7559,1.7289,1.7022
60,1.7011,1.7015,1.7031,1.7043,1.7058,1.7075,1.7118,1.6801,1.6826,1.6854,1.6538,1.6603,1.6287,1.5971
60,1.8278,1.8233,1.8216,1.8202,1.8183,1.8178,1.8178,1.8183,1.8202,1.8216,1.8233,1.8278,1.8305,1.8368
60,1.7195,1.7189,1.7191,1.7195,1.7213,1.7227,1.6876,1.6896,1.6552,1.6577,1.6606,1.6272,1.6307,1.6386
60,1.8349,1.8559,1.8386,1.8449,1.8675,1.8905,1.9219,1.9226,1.9084,1.9182,1.92,1.9222,1.9573,1.9603
60,1.8207,1.8208,1.8214,1.8235,1.8251,1.827,1.8293,1.7909,1.7966,1.7999,1.7616,1.7654,1.7271,1.7312
60,1.6312,1.6327,1.6348,1.6375,1.6408,1.6448,1.6223,1.6271,1.6297,1.6109,1.614,1.5927,1.5716,1.5789
30,2.0124,2.0135,2.0161,2.0184,2.0228,2.0262,1.9768,1.956,1.9335,1.9135,1.8914,1.8722,1.8505,1.8321
30,1.8737,1.8724,1.8712,1.871,1.8715,1.8724,1.8745,1.8765,1.8803,1.8833,1.8617,1.8422,1.8209,1.8021
30,2.0114,2.0089,2.0062,2.0048,1.9754,1.9463,1.9175,1.9189,1.9217,1.9242,1.8983,1.8729,1.8772,1.8847
30,1.8272,1.8361,1.8464,1.8241,1.7984,1.7771,1.7909,1.806,1.8168,1.7986,1.7812,1.7644,1.7776,1.7622
30,1.7775,1.7775,1.7784,1.7795,1.7821,1.7845,1.7888,1.7923,1.746,1.7239,1.7043,1.6826,1.6638,1.6455
30,2.0838,2.114,2.0907,2.0871,2.0647,2.062,2.0405,2.0195,1.9902,1.9423,1.9135,1.8662,1.838,1.7913
30,1.7434,1.7459,1.7505,1.7542,1.7607,1.7656,1.7457,1.7234,1.676,1.654,1.6607,1.614,1.5926,1.5754
30,1.7203,1.7251,1.7333,1.7429,1.7538,1.7278,1.7406,1.7498,1.695,1.6754,1.651,1.5971,1.5791,1.5617
30,1.7269,1.7298,1.735,1.7391,1.7462,1.6965,1.677,1.655,1.6363,1.6148,1.597,1.5759,1.559,1.5384
30,1.4966,1.4986,1.4509,1.4551,1.4585,1.4381,1.4181,1.423,1.3771,1.3585,1.3405,1.3196,1.3025,1.282
31,1.9463,1.8766,1.7445,1.6454,1.5134,1.4149,1.317,1.2201,1.1571,1.0624,1.0043,0.91271,0.8592,0.80347
31,1.9203,1.9256,1.8505,1.777,1.6608,1.5452,1.4353,1.3159,1.2084,1.096,0.93778,0.82675,0.7167,0.55966
31,1.4619,1.4765,1.4609,1.3199,1.1706,1.0571,0.88532,0.73928,0.58286,0.45099,0.33148,0.2121,0.24956,0.3818
31,2.5055,2.4787,2.4547,2.4335,2.421,2.3673,2.2769,2.2632,2.213,2.164,2.0758,1.9879,1.9414,1.8544
31,1.8869,1.9288,1.8409,1.7547,1.6258,1.5877,1.5072,1.3883,1.3109,1.2359,1.2081,1.1607,1.0269,0.91394
31,2.1416,2.1516,2.0351,1.9081,1.7499,1.5924,1.4359,1.2803,1.1566,1.0195,0.88248,0.74567,0.62394,0.48899
31,2.0781,2.0116,1.9081,1.7497,1.632,1.5154,1.3998,1.2749,1.1611,1.0065,0.89498,0.74226,0.63346,0.51305
31,1.3757,1.4113,1.3395,1.2419,1.1102,1.0923,1.0768,0.93356,0.74337,0.66717,0.52621,0.41317,0.27283,0.13328
31,1.6291,1.5423,1.4389,1.3178,1.1796,1.0588,0.92205,0.80172,0.66658,0.51334,0.38057,0.26162,0.13126,0.013262
31,1.5041,1.4897,1.4045,1.2803,1.116,0.9766,0.87003,0.6978,0.5584,0.45183,0.31243,0.19811,0.058737,-0.047672
32,0.7471,0.72684,0.67995,0.64619,0.59881,0.54449,0.51768,0.47757,0.45221,0.41277,0.36054,0.30876,0.25744,0.23588
32,-0.035645,-0.077832,-0.13287,-0.17316,-0.21252,-0.26343,-0.30031,-0.33598,-0.38148,-0.41392,-0.44479,-0.48945,-0.51717,-0.5506
32,0.93475,0.88295,0.83122,0.77028,0.71862,0.65301,0.60158,0.55024,0.48931,0.43415,0.38321,0.32234,0.27156,0.22093
32,0.55872,0.563,0.56765,0.5457,0.49634,0.447,0.39768,0.34837,0.29909,0.24983,0.20059,0.15137,0.10218,0.053022
32,-0.51213,-0.5339,-0.56605,-0.59251,-0.6338,-0.69393,-0.75081,-0.82649,-0.86782,-0.92796,-0.98483,-1.0604,-1.1169,-1.162
32,0.50899,0.50782,0.50821,0.51016,0.51368,0.48732,0.44375,0.39877,0.35227,0.29227,0.23391,0.20569,0.14585,0.10294
32,0.7653,0.73689,0.70948,0.68309,0.65777,0.63354,0.61043,0.58554,0.53062,0.47589,0.42138,0.3671,0.31306,0.25929
32,-0.049805,-0.09334,-0.14444,-0.18597,-0.22648,-0.27359,-0.3115,-0.34806,-0.39,-0.42319,-0.45464,-0.49795,-0.53078,-0.5626
32,0.67891,0.62302,0.57563,0.52014,0.47278,0.41774,0.36314,0.30903,0.25543,0.20238,0.16735,0.11532,0.063975,0.013356
32,0.7467,0.73181,0.6997,0.66772,0.62669,0.57655,0.539,0.50882,0.4715,0.42182,0.37225,0.32281,0.27349,0.2243
33,1.5161,1.5414,1.5547,1.5825,1.6118,1.627,1.6586,1.6749,1.6494,1.6246,1.6424,1.6188,1.6375,1.5547
33,1.7329,1.7619,1.7349,1.7504,1.7246,1.683,1.6581,1.6339,1.5927,1.5694,1.5469,1.5062,1.4846,1.4638
33,1.6604,1.6886,1.7033,1.7338,1.7074,1.7237,1.6986,1.7157,1.6917,1.6685,1.687,1.665,1.6242,1.6032
33,1.4899,1.5107,1.5333,1.5451,1.5701,1.5831,1.6104,1.6393,1.6543,1.6853,1.7014,1.6755,1.7098,1.6677
33,1.6065,1.6362,1.6516,1.6836,1.7171,1.6743,1.6492,1.6672,1.6433,1.6012,1.5784,1.5366,1.4532,1.4733
33,1.52,1.5383,1.548,1.5688,1.5912,1.5474,1.5716,1.5843,1.6109,1.5677,1.5961,1.6109,1.5834,1.5991
33,1.4684,1.4915,1.5163,1.5292,1.5563,1.5705,1.5998,1.6307,1.6467,1.6209,1.6378,1.6132,1.649,1.6076
33,1.4911,1.5157,1.5419,1.5556,1.5842,1.5991,1.6301,1.6026,1.6191,1.5929,1.6103,1.5853,1.5611,1.5185
33,1.6951,1.7221,1.7506,1.7654,1.7378,1.7695,1.727,1.7012,1.6761,1.6936,1.6099,1.5865,1.6051,1.5829
33,1.4378,1.4598,1.4715,1.496,1.5221,1.5358,1.5643,1.5791,1.552,1.5677,1.5419,1.5585,1.5339,1.51
34,1.5675,1.5884,1.6113,1.6362,1.663,1.611,1.64,1.6709,1.6359,1.6017,1.6191,1.5863,1.4853,1.3846
34,2.2431,2.2937,2.3454,2.3982,2.4521,2.4386,2.4259,2.3454,2.2653,2.1858,2.1068,2.0285,1.9595,1.9205
34,-0.064121,-0.068856,-0.10413,-0.16896,-0.17079,-0.17125,-0.10728,-0.10548,-0.1342,-0.16393,-0.22497,-0.31995,-0.38326,-0.4782
34,-0.0032475,0.0052478,0.012385,0.025284,-0.00085886,-0.021052,-0.039862,-0.026609,-0.042729,-0.057413,-0.070638,-0.082389,-0.062878,-0.031571
34,1.4247,1.4496,1.4755,1.4786,1.4735,1.4691,1.4318,1.4286,1.426,1.3902,1.3658,1.3311,1.2624,1.2284
34,1.1848,1.1848,1.1863,1.1893,1.1938,1.1543,1.1611,1.1272,1.1371,1.1005,1.0644,1.0775,1.0428,1.0086
34,1.2652,1.2866,1.31,1.3354,1.3488,1.3118,1.3414,1.373,1.3895,1.3565,1.3243,1.2745,1.2435,1.2133
34,0.088202,0.088202,0.090113,0.05307,0.057908,0.064665,0.10729,0.1118,0.12223,0.13452,0.10324,0.072611,-0.0033359,-0.033057
34,0.70044,0.66351,0.61393,0.54683,0.50211,0.44396,0.38132,0.33218,0.26068,0.21587,0.16212,0.11739,0.050363,0.010486
34,0.70381,0.67251,0.64343,0.6166,0.56526,0.50112,0.43732,0.42553,0.36255,0.29996,0.23777,0.2281,0.16686,0.10607
59,1.0524,1.055,1.0598,1.0635,1.0678,1.075,1.0805,1.0894,1.0726,1.0795,1.0668,1.0746,1.0871,1.0717
59,1.2935,1.2552,1.2298,1.1919,1.1579,1.1239,1.0937,1.0763,1.0505,1.0207,0.99508,0.95678,0.92271,0.90136
59,1.5995,1.5623,1.5348,1.4985,1.4694,1.4382,1.3979,1.3667,1.3243,1.2862,1.2796,1.2845,1.2785,1.2642
59,1.583,1.5738,1.5651,1.5568,1.5491,1.524,1.4991,1.4742,1.4528,1.4101,1.3673,1.3496,1.3069,1.2819
59,1.0183,1.0222,1.0348,1.0439,1.0536,1.0639,1.0748,1.0863,1.0923,1.0826,1.0956,1.0804,1.0944,1.1015
59,1.6499,1.6137,1.5656,1.5296,1.4938,1.4638,1.4279,1.3979,1.3621,1.3325,1.2969,1.2614,1.2315,1.1897
59,1.4996,1.4656,1.429,1.3994,1.3698,1.3429,1.3459,1.3307,1.2974,1.2568,1.2236,1.1941,1.1647,1.1278
59,0.40487,0.43745,0.47016,0.50297,0.5524,0.58549,0.61867,0.65195,0.67732,0.71089,0.74453,0.77826,0.80452,0.81408
59,1.5298,1.5007,1.4617,1.4326,1.3937,1.3694,1.3402,1.2964,1.2868,1.2922,1.2684,1.2301,1.1867,1.1624
59,1.2274,1.2338,1.2439,1.2511,1.2626,1.2706,1.2833,1.2921,1.285,1.2946,1.3044,1.2985,1.293,1.3039
35,1.0534,1.0252,0.96902,0.94105,0.91316,0.8576,0.82995,0.80239,0.74752,0.72023,0.69303,0.66594,0.61205,0.58527
35,0.50488,0.51384,0.53297,0.54314,0.55369,0.57596,0.58766,0.59973,0.61218,0.63815,0.65166,0.66552,0.67973,0.70914
35,1.2683,1.2383,1.2087,1.1795,1.1508,1.1224,1.0946,1.0671,1.0402,1.0137,0.98769,0.9622,0.93721,0.91275
35,1.2682,1.2304,1.1929,1.1556,1.1186,1.0819,1.0455,1.0094,0.97365,0.93818,0.90303,0.86824,0.83379,0.79971
35,0.71611,0.72751,0.73942,0.75183,0.77815,0.79203,0.8064,0.82123,0.83653,0.85228,0.86849,0.88513,0.91973,0.93767
35,1.9565,1.9532,1.9502,1.9477,1.9437,1.9424,1.9414,1.9408,1.9406,1.9408,1.9414,1.9424,1.9455,1.9477
35,0.83835,0.8442,0.8568,0.86355,0.8706,0.88557,0.89349,0.90171,0.9102,0.92804,0.93738,0.94699,0.95688,0.93891
35,0.33162,0.32253,0.31428,0.30687,0.30032,0.29463,0.24642,0.19823,0.20414,0.15606,0.10802,0.11507,0.067173,0.019299
35,0.30919,0.29139,0.25684,0.22741,0.19812,0.18669,0.15788,0.17621,0.14777,0.13864,0.11076,0.083044,0.10302,0.096297
35,2.0264,2.0229,2.0165,2.0136,2.0111,2.0066,2.0048,2.0032,2.0007,1.9998,1.9992,1.9989,1.9989,1.9992
36,1.699,1.7052,1.712,1.7193,1.7355,1.7444,1.7538,1.7637,1.7101,1.7206,1.7317,1.7433,1.69,1.715
36,0.38152,0.41476,0.48451,0.52099,0.55853,0.59709,0.63668,0.71885,0.63243,0.67546,0.71945,0.67968,0.72605,0.77335
36,-0.57898,-0.57898,-0.58931,-0.59274,-0.59274,-0.58931,-0.58931,-0.57898,-0.57898,-0.56183,-0.53788,-0.53788,-0.50719,-0.50719
36,1.6021,1.6414,1.6621,1.6834,1.7281,1.7514,1.7754,1.8253,1.8512,1.8043,1.8317,1.8597,1.8157,1.8451
36,1.7208,1.7335,1.7467,1.7749,1.7899,1.8053,1.8213,1.8379,1.8726,1.8161,1.8344,1.8532,1.7972,1.7411
36,1.1866,1.2184,1.2514,1.2856,1.3208,1.3571,1.3946,1.4331,1.4726,1.5132,1.4261,1.4682,1.5113,1.5554
36,1.8286,1.8373,1.8471,1.8581,1.8205,1.8332,1.8471,1.8112,1.8189,1.7837,1.7488,1.7664,1.7327,1.6994
36,0.52422,0.56781,0.61295,0.65962,0.63049,0.67972,0.73041,0.70422,0.75741,0.73308,0.7887,0.76623,0.74459,0.80363
36,1.7837,1.7837,1.8024,1.823,1.823,1.8454,1.8454,1.8697,1.8957,1.8957,1.9236,1.8239,1.8239,1.8541
36,1.2118,1.2118,1.2819,1.3545,1.3545,1.4297,1.4297,1.5073,1.5073,1.5872,1.6694,1.6694,1.7538,1.7538
37,1.6498,1.6184,1.588,1.5213,1.4925,1.4359,1.3792,1.2848,1.2142,1.1575,1.1008,1.0304,1.0039,0.96788
37,0.8457,0.81741,0.80564,0.78271,0.75983,0.708,0.60833,0.52434,0.45701,0.35731,0.27516,0.22748,0.14574,0.064184
37,1.8593,1.793,1.722,1.7235,1.7696,1.8044,1.7567,1.6825,1.6457,1.5911,1.4989,1.4169,1.3555,1.2815
37,0.30912,0.27972,0.25389,0.22936,0.23009,0.18786,0.16812,0.12887,0.088939,0.04994,-0.016574,-0.066596,-0.116,-0.16654
37,1.9285,1.9085,1.8685,1.8073,1.7257,1.6442,1.5626,1.501,1.4398,1.3791,1.3186,1.2772,1.1951,1.1135
37,1.9833,1.9235,1.864,1.7998,1.7289,1.646,1.5521,1.4802,1.4472,1.4484,1.4452,1.3931,1.3648,1.3482
37,0.53181,0.50918,0.46357,0.42985,0.38353,0.32424,0.2517,0.19678,0.15035,0.093406,0.075171,0.10449,0.08924,0.057581
37,1.6173,1.5632,1.5144,1.4702,1.3865,1.3074,1.2435,1.1644,1.0855,1.0066,0.92792,0.87414,0.82077,0.76779
37,1.4615,1.4119,1.3447,1.2978,1.2294,1.1833,1.1189,1.0561,1.0157,0.95213,0.88305,0.79577,0.73217,0.67096
37,2.2199,2.1737,2.122,2.0649,2.0037,1.9366,1.8716,1.8127,1.7824,1.7369,1.7112,1.6671,1.6171,1.5837
38,0.45056,0.42937,0.41011,0.39279,0.37744,0.35276,0.34346,0.33622,0.33104,0.32792,0.32689,0.32792,0.33104,0.24183
38,0.34499,0.3364,0.33123,0.32951,0.33123,0.3364,0.34499,0.35057,0.36426,0.38133,0.40174,0.42544,0.45239,0.46707
38,0.18601,0.16998,0.15603,0.14419,0.13446,0.086021,0.079441,0.075044,0.072848,0.072848,0.075044,0.079441,0.086021,0.045797
38,0.46901,0.46901,0.48566,0.50698,0.50698,0.53288,0.56329,0.59809,0.59809,0.46422,0.46422,0.50461,0.54927,0.54927
38,0.52981,0.52093,0.51401,0.50905,0.50608,0.50608,0.50905,0.51401,0.52093,0.52981,0.54064,0.55341,0.56809,0.58466
38,0.5663,0.55835,0.55162,0.5418,0.53873,0.53688,0.53627,0.53688,0.5418,0.5461,0.55162,0.55835,0.5663,0.50724
38,0.53033,0.50629,0.48421,0.46411,0.44603,0.43,0.41605,0.4042,0.39447,0.39447,0.38689,0.38147,0.3782,0.37712
38,0.50591,0.48442,0.46592,0.45046,0.43804,0.42871,0.42248,0.41936,0.41936,0.42248,0.42521,0.43299,0.44387,0.45781
38,0.32599,0.31389,0.3048,0.29872,0.29568,0.29568,0.29872,0.3048,0.31389,0.32599,0.34108,0.35913,0.38011,0.41701
38,0.50276,0.47527,0.44907,0.42417,0.37846,0.35768,0.33833,0.32042,0.30399,0.28906,0.27564,0.25342,0.24465,0.23745
39,0.80509,0.79651,0.78914,0.78299,0.77806,0.77437,0.7719,0.77052,0.77113,0.77298,0.77606,0.78037,0.78591,0.79651
39,2.6031,2.6081,2.6183,2.6287,2.6413,2.6562,2.6154,2.6349,2.5914,2.6148,2.5739,2.5436,2.5057,2.4689
39,1.2916,1.2888,1.2888,1.2916,1.2971,1.3054,1.3164,1.3302,1.3423,1.3609,1.336,1.3593,1.3854,1.4067
39,0.77082,0.76278,0.75766,0.75547,0.7562,0.75986,0.76644,0.77594,0.78497,0.79955,0.81702,0.83736,0.86054,0.87979
39,-0.8873,-0.90244,-0.91119,-0.92229,-0.93094,-0.93534,-0.93989,-0.94195,-0.94154,-0.93989,-0.93534,-0.92833,-0.91886,-0.91119
39,-0.67742,-0.70983,-0.74067,-0.76992,-0.79753,-0.82349,-0.84776,-0.8703,-0.8911,-0.91013,-0.95086,-0.96699,-0.98128,-0.9937
39,-1.3825,-1.3828,-1.3811,-1.3772,-1.3712,-1.3632,-1.353,-1.3408,-1.3266,-1.3103,-1.292,-1.2718,-1.2496,-1.2255
39,-0.8928,-0.90713,-0.91534,-0.92563,-0.93346,-0.93731,-0.94103,-0.94227,-0.94103,-0.93883,-0.93346,-0.92563,-0.91534,-0.90713
39,-0.90299,-0.9323,-0.96012,-0.98639,-1.0111,-1.0342,-1.0558,-1.085,-1.1024,-1.1181,-1.1691,-1.1824,-1.194,-1.2479
39,-0.66845,-0.69341,-0.72201,-0.73992,-0.7548,-0.7666,-0.77757,-0.7822,-0.78374,-0.7822,-0.77534,-0.7666,-0.7548,-0.73992
40,1.0471,1.0461,1.0456,1.0458,1.0471,1.0485,1.0515,1.0541,1.036,1.0395,1.0457,1.0504,1.0584,1.0432
40,0.91264,0.90931,0.90672,0.90487,0.90376,0.90348,0.90348,0.90422,0.9057,0.90792,0.91088,0.91264,0.9167,0.9215
40,1.1322,1.1307,1.1078,1.1073,1.1073,1.1078,1.086,1.0875,1.0895,1.0685,1.0476,1.0268,1.0304,1.0102
40,1.1876,1.188,1.1892,1.1912,1.194,1.1683,1.1702,1.1746,1.1798,1.1554,1.1618,1.1653,1.1729,1.1812
40,1.0985,1.0868,1.0755,1.0647,1.0544,1.0446,1.0352,1.0263,1.018,1.01,1.0026,0.97559,0.96914,0.94592
40,0.94854,0.9419,0.93589,0.91074,0.90563,0.90114,0.8973,0.89409,0.89152,0.89047,0.88886,0.91082,0.91018,0.91018
40,1.0323,1.0299,1.0279,1.0264,1.0254,1.0249,1.0249,1.0254,1.0264,1.0288,1.031,1.0123,1.0153,0.997
40,1.0606,1.0606,1.0611,1.0622,1.0639,1.0438,1.0463,1.0493,1.03,1.0338,1.015,1.0196,1.0222,1.004
40,1.0517,1.0474,1.0438,1.0408,1.0385,1.0368,1.0358,1.0355,1.0358,1.0362,1.0376,1.0149,1.0173,1.0203
40,1.385,1.3924,1.3696,1.3782,1.3827,1.3608,1.3392,1.3178,1.2913,1.2702,1.2816,1.2613,1.2349,1.2149
41,1.2534,1.2107,1.1835,1.1485,1.1096,1.0666,1.0342,1.0026,0.95732,0.91289,0.87275,0.83309,0.79086,0.74035
41,1.5661,1.5019,1.4298,1.3523,1.3009,1.2242,1.1529,1.0771,0.99054,0.91524,0.82432,0.75838,0.66767,0.59772
41,1.6372,1.6506,1.5815,1.4655,1.3693,1.2737,1.1785,1.0742,0.98901,0.91382,0.82892,0.72553,0.64096,0.55654
41,0.94498,0.91864,0.89377,0.86482,0.84341,0.81048,0.77374,0.7607,0.71231,0.69749,0.66922,0.63903,0.61287,0.5692
41,1.0823,1.0737,1.0661,1.0626,1.0615,1.0621,1.0428,1.0243,1.0072,1.0136,0.97718,0.96428,0.95283,0.93871
41,1.9095,1.9136,1.9172,1.9241,1.9325,1.9391,1.9503,1.9249,1.9388,1.949,1.9263,1.9441,1.9234,1.9369
41,2.0756,2.0123,1.9394,1.8667,1.7909,1.7185,1.6432,1.5544,1.4823,1.3936,1.3218,1.2358,1.1474,1.0591
41,1.4598,1.478,1.5041,1.525,1.525,1.5404,1.5426,1.5679,1.5726,1.5694,1.5669,1.5439,1.5429,1.5426
41,1.1437,1.1173,1.0774,1.0766,1.0405,1.006,0.95493,0.90475,0.85334,0.786,0.71903,0.65245,0.64696,0.68765
41,1.4555,1.4392,1.4271,1.4013,1.3633,1.3109,1.2607,1.2098,1.1463,1.0831,1.0192,1.0322,1.0769,1.1228
42,1.9236,1.9231,1.892,1.8836,1.8684,1.8364,1.8131,1.79,1.7568,1.7254,1.7027,1.6542,1.63,1.5991
42,-0.75665,-0.73038,-0.71505,-0.68779,-0.66017,-0.61814,-0.61435,-0.57113,-0.54198,-0.53698,-0.51663,-0.51969,-0.51318,-0.5063
42,1.8564,1.8077,1.7783,1.7541,1.7064,1.6829,1.6529,1.6062,1.576,1.5528,1.4994,1.4766,1.454,1.4007
42,1.7133,1.7213,1.7298,1.7343,1.7144,1.6899,1.6702,1.6509,1.6561,1.6073,1.6128,1.564,1.5454,1.5514
42,1.97,1.9795,1.99,1.9956,2.0075,1.9825,1.9891,1.9647,1.9407,1.9096,1.886,1.855,1.8318,1.77
42,1.8406,1.8517,1.8577,1.8326,1.8013,1.7767,1.7835,1.7595,1.7669,1.7435,1.7126,1.6898,1.659,1.6366
42,1.7491,1.7939,1.8165,1.8152,1.7912,1.7907,1.7671,1.8144,1.7912,1.7923,1.8165,1.7714,1.7491,1.7049
42,1.879,1.8893,1.9004,1.8791,1.8582,1.8707,1.8504,1.8304,1.8106,1.7911,1.7719,1.7873,1.7687,1.7505
42,1.9423,1.9354,1.9229,1.9173,1.8698,1.8649,1.8605,1.814,1.8104,1.8072,1.802,1.7595,1.7575,1.6725
42,-0.34979,-0.31954,-0.28853,-0.2568,-0.25834,-0.22529,-0.19162,-0.19132,-0.19043,-0.18894,-0.16866,-0.13189,-0.12842,-0.15808
43,1.3875,1.3672,1.3484,1.3311,1.3155,1.3015,1.2891,1.2427,1.2318,1.2226,1.172,1.1218,1.1158,1.0668
43,0.81663,0.84341,0.83047,0.79117,0.74461,0.67135,0.58934,0.5156,0.45145,0.38733,0.31434,0.2504,0.17815,0.10655
43,1.6941,1.6128,1.5736,1.5353,1.4619,1.4267,1.3926,1.283,1.2506,1.1892,1.1603,1.1325,1.0807,1.0566
43,1.2732,1.2473,1.2225,1.199,1.166,1.1456,1.0976,1.0789,1.0231,0.97621,0.9606,0.91451,0.86194,0.81662
43,0.44389,0.47417,0.50613,0.55715,0.59316,0.63073,0.66982,0.66823,0.64736,0.69083,0.69466,0.74128,0.72474,0.77374
43,1.1498,1.2041,1.2231,1.2062,1.1527,1.0624,0.97935,0.90287,0.82644,0.74342,0.66693,0.61302,0.53673,0.43784
43,1.2292,1.1854,1.1435,1.1034,1.0779,1.0239,0.97045,0.91764,0.86546,0.81394,0.76312,0.71301,0.67311,0.62407
43,0.6695,0.69488,0.63944,0.58526,0.60139,0.54963,0.58665,0.60644,0.55937,0.51376,0.46963,0.40276,0.36059,0.4123
43,0.88248,0.90097,0.84225,0.84903,0.83323,0.77909,0.74966,0.66898,0.60552,0.52484,0.45064,0.39382,0.31357,0.25724
43,1.7584,1.7111,1.6349,1.56,1.4867,1.4148,1.3446,1.3149,1.2416,1.1857,1.1525,1.0644,1.0356,1.0097
44,1.5186,1.4771,1.4357,1.4151,1.3825,1.3619,1.3209,1.3088,1.2677,1.235,1.2146,1.1819,1.1614,1.1287
44,1.7923,1.7643,1.7085,1.6806,1.6528,1.5972,1.5695,1.5419,1.5142,1.4591,1.4317,1.4042,1.3495,1.3223
44,1.6513,1.6557,1.6581,1.6396,1.5974,1.5763,1.5341,1.492,1.4709,1.4288,1.4077,1.3656,1.3234,1.3264
44,1.4685,1.4685,1.4687,1.4696,1.4703,1.4721,1.449,1.4515,1.4299,1.4315,1.4102,1.4121,1.3912,1.3682
44,1.4153,1.4158,1.4165,1.4175,1.4189,1.404,1.4058,1.3912,1.3768,1.3791,1.3649,1.3677,1.3708,1.3742
44,1.5861,1.5894,1.593,1.5968,1.601,1.6054,1.5919,1.5968,1.602,1.589,1.5946,1.6005,1.5879,1.5943
44,1.6882,1.6924,1.6754,1.6778,1.661,1.6226,1.6034,1.5817,1.5432,1.524,1.4856,1.4471,1.4279,1.3895
44,1.3315,1.3314,1.3318,1.3322,1.3329,1.3089,1.3099,1.3111,1.3141,1.3158,1.2911,1.2951,1.2974,1.2999
44,1.414,1.4119,1.4111,1.4105,1.4096,1.4094,1.4094,1.4096,1.4105,1.4111,1.4119,1.414,1.392,1.3946
44,1.3352,1.2899,1.2673,1.2222,1.1998,1.1635,1.1411,1.1048,1.0824,1.046,1.0237,0.98733,0.965,0.92054
45,1.7834,1.7849,1.7869,1.7893,1.7697,1.7489,1.7525,1.732,1.7362,1.7185,1.6987,1.679,1.6372,1.6178
45,1.2787,1.2861,1.2944,1.3036,1.2774,1.2515,1.2259,1.2315,1.2433,1.2187,1.2317,1.2456,1.2223,1.2374
45,1.7288,1.7321,1.7347,1.7168,1.6992,1.682,1.6631,1.6465,1.6071,1.5911,1.5729,1.5575,1.5188,1.5041
45,1.657,1.662,1.67,1.6759,1.6613,1.6438,1.6264,1.5885,1.547,1.5093,1.4924,1.455,1.4383,1.4219
45,1.7297,1.7313,1.7114,1.7138,1.6948,1.6763,1.6563,1.6384,1.597,1.5775,1.5364,1.4955,1.4764,1.4357
45,1.6386,1.6429,1.6204,1.6256,1.6036,1.5818,1.588,1.5667,1.5737,1.5529,1.5362,1.5159,1.5247,1.5048
45,1.7724,1.7734,1.7755,1.7557,1.7352,1.716,1.6957,1.6772,1.6356,1.6158,1.5981,1.557,1.5376,1.4968
45,1.6485,1.6559,1.6639,1.6726,1.6819,1.6594,1.6697,1.6479,1.6263,1.6049,1.6169,1.5961,1.5755,1.5552
45,1.5906,1.5954,1.5713,1.5769,1.5832,1.59,1.5709,1.579,1.5876,1.5657,1.5752,1.5539,1.5381,1.5174
45,1.6472,1.6509,1.655,1.6596,1.6415,1.6471,1.6269,1.6101,1.5903,1.5441,1.5246,1.4822,1.463,1.4169
46,-0.44774,-0.43881,-0.43881,-0.42632,-0.4103,-0.39079,-0.3678,-0.3678,-0.34139,-0.31159,-0.27845,-0.27845,-0.24203,-0.20239
46,-1.0654,-1.0429,-1.0197,-0.99564,-0.97085,-0.93231,-0.90577,-0.87858,-0.85078,-0.80798,-0.77876,-0.7795,-0.74925,-0.71853
46,-0.068925,-0.045262,-0.028485,-0.0018419,0.026548,0.056648,0.088427,0.11053,0.14502,0.18109,0.21871,0.21718,0.24391,0.28523
46,-0.025922,-0.0040449,0.026893,0.051399,0.085764,0.11278,0.14084,0.17983,0.21024,0.24161,0.2534,0.2868,0.32111,0.33631
46,-0.098954,-0.071745,-0.057078,-0.025655,-0.00891,0.026606,0.04536,0.084818,0.10551,0.14875,0.1713,0.14193,0.16594,0.21571
46,-0.15956,-0.13646,-0.11174,-0.085425,-0.057553,-0.028154,0.0027372,0.03509,0.068861,0.10402,0.14053,0.17836,0.21746,0.20162
46,-0.22559,-0.19976,-0.18583,-0.15601,-0.12358,-0.10641,-0.070209,-0.05119,-0.011355,0.009444,0.052764,0.075268,0.12192,0.1707
46,-0.12995,-0.10995,-0.088678,-0.066167,-0.042431,-0.017499,0.0086115,0.049933,0.078881,0.060814,0.091647,0.12354,0.15647,0.20776
46,-0.31507,-0.30047,-0.29197,-0.27259,-0.25008,-0.23766,-0.21053,-0.19582,-0.16417,-0.14724,-0.11121,-0.092111,-0.051817,-0.0087634
46,-0.24693,-0.22978,-0.21134,-0.19162,-0.14844,-0.12502,-0.1004,-0.074603,-0.047646,-0.019561,0.0096307,0.03992,0.071263,0.13707
47,1.3884,1.466,1.5186,1.5468,1.4729,1.4247,1.3491,1.2789,1.2107,1.1664,1.1018,1.0395,0.99937,0.94122
47,1.6263,1.6782,1.6521,1.5752,1.4999,1.4507,1.3785,1.3083,1.2401,1.1959,1.1315,1.0696,1.0297,0.97209
47,1.5461,1.6213,1.6222,1.6498,1.6024,1.5325,1.4598,1.3873,1.3426,1.277,1.2134,1.1721,1.112,1.054
47,1.5351,1.589,1.5681,1.4975,1.4514,1.3775,1.3328,1.2598,1.2166,1.1446,1.103,1.0428,0.98501,0.94797
47,1.4015,1.4549,1.4861,1.4412,1.3691,1.304,1.233,1.1913,1.1213,1.0811,1.0122,0.97374,0.91806,0.86495
47,1.6341,1.6836,1.7071,1.6275,1.5493,1.4981,1.4227,1.3489,1.3008,1.2821,1.2134,1.1983,1.155,1.0918
47,1.8621,1.8093,1.731,1.6794,1.6029,1.5524,1.4777,1.4285,1.3557,1.3078,1.237,1.1904,1.1216,1.0764
47,1.5637,1.6407,1.5906,1.5167,1.4444,1.3739,1.3053,1.2606,1.1954,1.1322,1.0714,1.0129,0.97538,0.92123
47,1.6134,1.6353,1.6337,1.6066,1.5811,1.5306,1.4563,1.3836,1.3128,1.2666,1.1991,1.1337,1.0914,1.0298
47,1.5792,1.6316,1.608,1.5342,1.4583,1.4104,1.3402,1.2719,1.2275,1.1627,1.1001,1.0597,1.001,0.94495
48,0.5642,0.61123,0.65869,0.66291,0.7355,0.74085,0.79013,0.79637,0.80308,0.83561,0.88657,0.89477,0.90341,0.93864
48,1.2323,1.2004,1.1692,1.1204,1.0726,1.0242,0.99334,0.94515,0.8984,0.86844,0.82241,0.81146,0.76636,0.79168
48,1.4355,1.4846,1.4691,1.4025,1.3498,1.2848,1.2198,1.1684,1.1049,1.0549,1.0192,0.99666,1.0405,1.0853
48,0.71977,0.69965,0.68053,0.62944,0.61222,0.58837,0.57379,0.53344,0.51425,0.47475,0.4638,0.42015,0.38177,0.3436
48,0.42595,0.39847,0.37199,0.33416,0.29009,0.25511,0.23313,0.19005,0.1369,0.11739,0.066063,0.024216,0.007341,-0.041621
48,1.0011,0.97727,0.9548,0.93373,0.8807,0.86162,0.84401,0.82788,0.77683,0.76281,0.75033,0.70084,0.69057,0.64208
48,-0.44358,-0.43911,-0.43211,-0.44239,-0.47299,-0.48223,-0.48556,-0.46678,-0.44558,-0.51638,-0.57189,-0.60719,-0.62641,-0.6234
48,1.672,1.6275,1.5844,1.5531,1.5127,1.4605,1.3956,1.3444,1.303,1.253,1.2124,1.1636,1.1003,1.0527
48,1.7298,1.6998,1.6601,1.6042,1.5711,1.5165,1.4674,1.4186,1.3703,1.3224,1.2748,1.2277,1.1637,1.1212
48,0.29022,0.23879,0.18921,0.14339,0.064201,0.018987,-0.04799,-0.092733,-0.14814,-0.21444,-0.25813,-0.3117,-0.37719,-0.41967
49,1.0843,1.1227,1.164,1.2081,1.2549,1.3044,1.3565,1.3252,1.3817,1.4406,1.4455,1.5096,1.4873,1.4664
49,1.6668,1.6657,1.6314,1.5976,1.6006,1.6041,1.5745,1.5061,1.4352,1.3669,1.2643,1.196,1.1276,1.0568
49,-0.24641,-0.2195,-0.19114,-0.1807,-0.14935,-0.11669,-0.082783,-0.047664,0.0009565,0.038705,0.077504,0.11731,0.096655,0.10748
49,0.66182,0.61169,0.58282,0.55556,0.50656,0.48152,0.43326,0.41057,0.36315,0.34295,0.29645,0.25023,0.23343,0.18828
49,0.81281,0.82051,0.8293,0.80909,0.8201,0.83217,0.86841,0.88908,0.86692,0.88261,0.86149,0.88786,0.90668,0.92646
49,0.89541,0.91269,0.93142,0.92194,0.94316,0.94334,0.95927,0.9536,0.97967,1.007,1.0455,1.0655,1.0435,1.0758
49,1.4605,1.4665,1.4358,1.4096,1.4187,1.3952,1.4067,1.3858,1.3999,1.4151,1.3982,1.4159,1.4017,1.3788
49,0.63367,0.61036,0.57684,0.53072,0.51,0.4901,0.46185,0.43556,0.40164,0.37783,0.3445,0.30415,0.29061,0.25185
49,0.99071,0.96795,1.0026,1.0272,1.0531,1.0477,1.0762,1.1211,1.105,1.1058,1.1393,1.1738,1.179,1.1859
49,2.2185,2.2637,2.3106,2.3592,2.3381,2.318,2.2989,2.2087,2.1638,2.0918,2.0023,1.93,1.8579,1.7858
50,1.4874,1.4914,1.4962,1.5016,1.5076,1.5144,1.5219,1.53,1.5388,1.5263,1.5363,1.5247,1.5134,1.5064
50,1.5285,1.5278,1.5276,1.5279,1.5289,1.5299,1.532,1.5348,1.537,1.5218,1.507,1.4924,1.4782,1.4625
50,1.5074,1.5132,1.4988,1.5034,1.5109,1.519,1.5062,1.4938,1.5002,1.4884,1.477,1.466,1.4553,1.4449
50,1.4839,1.4868,1.492,1.4959,1.5026,1.5076,1.5158,1.4975,1.507,1.5138,1.4999,1.5075,1.4945,1.503
50,1.4801,1.4798,1.4799,1.4807,1.4821,1.4834,1.4859,1.4704,1.474,1.4578,1.4623,1.4482,1.4344,1.4384
50,1.5898,1.5932,1.5959,1.6005,1.6059,1.6099,1.6166,1.602,1.5851,1.5711,1.5575,1.5443,1.5281,1.5155
50,1.5605,1.5619,1.5647,1.5681,1.5708,1.5755,1.5808,1.566,1.5703,1.5562,1.5611,1.5477,1.5347,1.522
50,1.5913,1.5986,1.6064,1.5918,1.6005,1.5869,1.5965,1.6066,1.5945,1.6055,1.5945,1.6064,1.5901,1.5741
50,1.5572,1.5617,1.569,1.5772,1.583,1.5924,1.6025,1.6097,1.5977,1.6056,1.5943,1.5835,1.5924,1.5823
50,1.4863,1.4666,1.4692,1.4738,1.4774,1.4605,1.4649,1.4697,1.4514,1.4361,1.4212,1.4036,1.3861,1.3721
51,-0.53236,-0.51038,-0.46558,-0.44277,-0.4197,-0.37282,-0.34903,-0.32502,-0.3008,-0.25175,-0.22694,-0.20194,-0.17677,-0.12593
51,1.6478,1.6124,1.5772,1.5423,1.5249,1.4904,1.4561,1.4391,1.4068,1.3729,1.3394,1.3238,1.2904,1.2573
51,1.5015,1.5011,1.5011,1.5015,1.5022,1.5043,1.5057,1.4745,1.4762,1.447,1.4493,1.4518,1.4206,1.3923
51,1.0527,1.0801,1.1349,1.1623,1.1897,1.2171,1.2445,1.2672,1.2947,1.3222,1.3177,1.3411,1.3687,1.3648
51,1.4953,1.5248,1.5547,1.5849,1.6002,1.5987,1.6297,1.6288,1.6446,1.6442,1.644,1.6279,1.6282,1.6288
51,1.4797,1.5056,1.5188,1.5456,1.5728,1.5867,1.5795,1.5936,1.587,1.5807,1.5599,1.5541,1.5691,1.5639
51,1.0739,1.1068,1.1234,1.157,1.191,1.2082,1.243,1.2605,1.2959,1.3317,1.3497,1.3501,1.3685,1.4054
51,1.4734,1.4457,1.432,1.4052,1.3788,1.3659,1.3405,1.328,1.3035,1.2796,1.2679,1.2336,1.2221,1.188
51,-0.11778,-0.09241,-0.041452,-0.015873,0.0097662,0.03547,0.061229,0.11291,0.13884,0.16481,0.19083,0.24301,0.26916,0.29536
51,1.489,1.5171,1.5455,1.5742,1.6032,1.6326,1.6622,1.6612,1.6914,1.691,1.6909,1.691,1.6606,1.6612
52,1.3427,1.3284,1.3198,1.3169,1.3042,1.2802,1.2586,1.225,1.2095,1.1823,1.1583,1.1196,1.1021,1.088
52,0.79376,0.83285,0.89231,0.91387,0.95464,1.0165,1.0405,1.0828,1.1081,1.1344,1.1395,1.1835,1.2116,1.2405
52,0.4756,0.51778,0.5818,0.64666,0.69034,0.7181,0.76267,0.79186,0.82192,0.86779,0.89916,0.89357,0.94066,0.93665
52,1.1599,1.0859,0.99494,0.9235,0.85333,0.78449,0.69801,0.61163,0.54215,0.47266,0.38644,0.31854,0.23272,0.16332
52,0.83342,0.79455,0.73704,0.67988,0.62283,0.58554,0.52889,0.49238,0.43616,0.38011,0.34196,0.28611,0.23046,0.19236
52,1.2563,1.2695,1.2793,1.2954,1.2807,1.2932,1.3133,1.3016,1.3167,1.3067,1.2977,1.3152,1.3079,1.3269
52,1.6381,1.6557,1.6698,1.6847,1.6823,1.6988,1.7219,1.74,1.7589,1.7852,1.8057,1.8096,1.8069,1.8294
52,1.4188,1.3804,1.3493,1.3169,1.2763,1.2295,1.1839,1.1244,1.0686,1.0007,0.93083,0.84854,0.76855,0.6868
52,0.79405,0.89065,0.95487,1.0202,1.078,1.1244,1.1637,1.1914,1.2203,1.2429,1.2953,1.3072,1.3342,1.3488
52,1.4321,1.3943,1.3639,1.336,1.3108,1.2606,1.1996,1.1424,1.0858,1.0145,0.94599,0.87591,0.79455,0.71332
53,2.0117,1.9551,1.8996,1.8996,1.8452,1.792,1.7209,1.668,1.668,1.5967,1.5442,1.4726,1.4204,1.4204
53,0.88097,0.92052,0.96119,1.0029,1.0029,1.0456,0.98879,1.0333,0.97778,1.024,1.071,1.071,1.0177,1.0664
53,1.0462,1.073,1.1006,1.1289,1.0803,1.1097,1.0618,1.0142,0.99831,1.0305,0.98437,1.0176,0.97237,1.0068
53,1.7888,1.7291,1.7291,1.6703,1.6125,1.5557,1.5557,1.5001,1.4455,1.3784,1.3784,1.3241,1.271,1.2027
53,1.4739,1.5203,1.5674,1.5165,1.4662,1.4166,1.3675,1.3192,1.2715,1.2246,1.2246,1.1785,1.1331,1.0885
53,1.0231,1.0583,1.0946,1.1319,1.1319,1.1703,1.1129,1.153,1.1939,1.1385,1.1811,1.1268,1.1268,1.171
53,1.9814,1.9229,1.8653,1.8653,1.8085,1.7526,1.6977,1.6438,1.6438,1.5818,1.528,1.4659,1.4123,1.4123
53,1.6436,1.5883,1.534,1.534,1.4807,1.4285,1.3774,1.3274,1.26,1.2104,1.2104,1.162,1.1148,1.0454
53,1.5336,1.4912,1.4493,1.4079,1.3671,1.3226,1.2818,1.2416,1.1966,1.1564,1.0669,1.0262,0.98161,0.93754
53,1.2074,1.2553,1.3041,1.2524,1.2524,1.3026,1.2524,1.3041,1.2553,1.3084,1.2612,1.2148,1.2699,1.2699
54,0.17361,0.21013,0.24829,0.28806,0.3294,0.37226,0.37581,0.42199,0.40555,0.41472,0.46517,0.45214,0.50496,0.49389
54,0.29721,0.33677,0.37788,0.42052,0.42359,0.46955,0.47678,0.52591,0.51159,0.56312,0.57751,0.56655,0.62201,0.64163
54,0.26385,0.30181,0.34155,0.38303,0.42621,0.47104,0.54128,0.59005,0.64032,0.69203,0.67599,0.73024,0.74444,0.73193
54,0.21317,0.25114,0.29076,0.33199,0.39678,0.44186,0.48841,0.53637,0.58572,0.59659,0.64899,0.63663,0.62516,0.64282
54,0.22547,0.26016,0.29648,0.35394,0.39418,0.43591,0.43845,0.48345,0.46651,0.47453,0.52372,0.51011,0.52349,0.51215
54,-0.086188,-0.10825,-0.1282,-0.14601,-0.16867,-0.18103,-0.19117,-0.19907,-0.20473,-0.25627,-0.30528,-0.35372,-0.40158,-0.44733
54,0.43596,0.48087,0.52718,0.57487,0.62389,0.6742,0.68737,0.74055,0.79491,0.78531,0.77657,0.83399,0.82706,0.85105
54,0.42314,0.46734,0.5131,0.49319,0.5416,0.59147,0.57474,0.62712,0.70822,0.69514,0.75189,0.74078,0.79978,0.79061
54,0.13876,0.17764,0.21834,0.26081,0.30502,0.3058,0.35376,0.40331,0.45442,0.50702,0.56109,0.57428,0.63158,0.69022
54,0.50323,0.55203,0.53807,0.52498,0.51276,0.50141,0.51842,0.50936,0.56616,0.55899,0.5527,0.61255,0.60811,0.6358
55,2.3727,2.392,2.4023,2.3636,2.3254,2.337,2.2387,2.1896,2.1529,2.055,2.006,1.9083,1.8595,1.8242
55,0.48454,0.54793,0.5799,0.58687,0.61942,0.62769,0.60353,0.55613,0.5329,0.48741,0.52182,0.4781,0.51307,0.47115
55,0.19431,0.25201,0.28124,0.25593,0.20629,0.18199,0.13444,0.11122,0.088383,0.043905,0.022281,-0.019675,-0.039989,-0.079218
55,0.53944,0.58562,0.60976,0.57864,0.60445,0.57576,0.52075,0.54854,0.43971,0.38557,0.27788,0.22435,0.11793,0.065068
55,0.31797,0.29938,0.28304,0.19415,0.10534,0.016601,-0.072051,-0.16061,-0.24907,-0.33743,-0.42565,-0.51376,-0.60171,-0.6895
55,0.11741,0.13828,0.07186,0.0061575,-0.058767,-0.12285,-0.18603,-0.24821,-0.30932,-0.31355,-0.34302,-0.40099,-0.45757,-0.51263
55,0.47108,0.52984,0.56006,0.6221,0.60977,0.56592,0.55576,0.51287,0.50495,0.46307,0.38034,0.29904,0.25896,0.18
55,1.0099,0.95083,0.89317,0.82366,0.7955,0.72615,0.65685,0.62934,0.56022,0.49115,0.42213,0.39549,0.3267,0.25797
55,0.32393,0.35544,0.38704,0.45049,0.48233,0.51425,0.54625,0.57831,0.56494,0.59724,0.61692,0.60463,0.59274,0.58125
55,1.3445,1.4127,1.3987,1.3502,1.3381,1.3273,1.2802,1.2714,1.1792,1.1336,1.0431,0.954,0.90992,0.8228
56,1.4661,1.4661,1.4514,1.4386,1.4278,1.4278,1.4189,1.412,1.412,1.407,1.4041,1.4041,1.4031,1.3
56,1.4679,1.4679,1.4532,1.4408,1.4408,1.4306,1.4226,1.4169,1.4169,1.3076,1.3076,1.3041,1.3029,1.3029
56,1.2303,1.2303,1.2141,1.2004,1.2004,1.1891,1.1804,1.1804,1.1741,1.1703,1.1703,1.1691,1.1703,1.1703
56,1.4697,1.4514,1.4514,1.4346,1.4194,1.4058,1.4058,1.3937,1.3832,1.3743,1.3743,1.367,1.3613,1.3573
56,1.3253,1.3117,1.3117,1.2998,1.2897,1.2815,1.2815,1.2751,1.2705,1.2677,1.2677,1.1704,1.1695,1.0721
56,1.4652,1.4493,1.4493,1.435,1.4224,1.4114,1.4114,1.4021,1.3945,1.3885,1.2952,1.2952,1.2909,1.1975
56,1.5155,1.4913,1.4913,1.4691,1.4486,1.4486,1.4301,1.4135,1.3987,1.3987,1.3859,1.3751,1.3662,1.3662
56,1.389,1.3714,1.3714,1.3556,1.3416,1.3416,1.3294,1.3191,1.3106,1.3106,1.3041,1.2993,1.2013,1.2013
56,1.3252,1.3181,1.3127,1.3127,1.3087,1.3064,1.217,1.2162,1.2162,1.1267,1.1276,1.0381,0.94872,0.94872
56,1.429,1.429,1.4093,1.3917,1.3917,1.376,1.3624,1.3624,1.3509,1.3414,1.3414,1.3341,1.3288,1.3288
57,1.9614,1.9121,1.8744,1.8368,1.7731,1.7243,1.6718,1.6386,1.5858,1.5377,1.49,1.453,1.3894,1.369
57,1.4118,1.3627,1.3288,1.3045,1.3043,1.266,1.2046,1.1115,1.0663,1.0756,1.0318,0.97165,0.91808,0.85824
57,0.8092,0.78752,0.76712,0.68741,0.66798,0.69001,0.67336,0.5928,0.57723,0.49645,0.37538,0.32739,0.24663,0.19877
57,1.3183,1.2831,1.2576,1.2329,1.189,1.1534,1.1056,1.0501,1.015,0.95992,0.91817,0.88395,0.85002,0.83042
57,1.2573,1.2085,1.1599,1.1361,1.1078,1.0521,1.0113,0.97135,0.93225,0.886,0.81924,0.77792,0.72388,0.67343
57,2.1917,2.1435,2.0972,2.049,1.9778,1.9296,1.8814,1.8332,1.7622,1.7115,1.6633,1.5922,1.5416,1.4934
57,1.5198,1.4846,1.4498,1.3908,1.3491,1.2905,1.2489,1.2072,1.1656,1.0991,1.0575,0.98317,0.94147,0.87508
57,0.82148,0.81494,0.7793,0.7444,0.6823,0.65033,0.61693,0.58554,0.52433,0.49256,0.46198,0.40159,0.37156,0.34187
57,2.0909,2.0581,2.0262,1.9951,1.9649,1.9151,1.8654,1.7955,1.7458,1.6962,1.6262,1.5765,1.5066,1.4569
57,1.6491,1.5989,1.5622,1.5122,1.4623,1.3946,1.3448,1.295,1.2605,1.1957,1.1461,1.0796,1.0464,1.063
58,1.5281,1.5257,1.5237,1.522,1.5198,1.5187,1.5179,1.5174,1.5171,1.5172,1.5176,1.5187,1.5198,1.5212
58,1.6305,1.6293,1.6284,1.6276,1.6128,1.6126,1.5982,1.584,1.5843,1.5703,1.5419,1.5279,1.5141,1.5008
58,1.5486,1.5462,1.5442,1.5427,1.5416,1.5409,1.5407,1.5407,1.5412,1.5218,1.5026,1.5039,1.5047,1.5067
58,1.6429,1.6439,1.6284,1.6299,1.6137,1.5822,1.5499,1.5175,1.4851,1.47,1.4376,1.4053,1.3729,1.3406
58,1.5282,1.527,1.5265,1.5264,1.5267,1.5275,1.5054,1.5062,1.5082,1.5321,1.5335,1.5366,1.5402,1.5444
58,1.554,1.5533,1.5529,1.5527,1.5529,1.5374,1.5381,1.523,1.5242,1.5256,1.5274,1.521,1.507,1.4925
58,1.5348,1.5375,1.5407,1.5444,1.524,1.5262,1.5061,1.4612,1.4664,1.4721,1.4751,1.456,1.437,1.4182
58,1.6321,1.6399,1.6522,1.6606,1.6693,1.6636,1.6729,1.6678,1.658,1.6534,1.644,1.6203,1.6111,1.5877
58,1.6276,1.6288,1.6302,1.6327,1.6347,1.6216,1.6251,1.6123,1.6151,1.6039,1.5914,1.5789,1.5683,1.556
58,1.5949,1.591,1.5876,1.5845,1.5643,1.5618,1.5597,1.5579,1.5566,1.5556,1.5364,1.536,1.536,1.555
