0,-0.4372,-0.22005,1.2297,-0.33123,0.14221,-1.536,-1.5676,0.018222,0.93458,-1.3208,0.64249,-0.59441,0.14686,-0.99587,0.25908
0,1.3055,-0.3104,-0.80506,-1.2891,0.52102,-1.0066,1.3718,1.3153,0.84243,0.11568,-1.5446,0.77905,0.77302,0.38443,-0.57817
0,1.5434,-1.2352,-0.36028,-0.23058,0.53964,-1.1408,0.79903,0.37496,0.24423,1.7044,1.0169,-1.1106,1.8088,1.5142,0.70513
0,-1.5407,-0.67655,-0.35939,-0.88707,-0.87864,-0.58067,-1.3127,0.11197,-1.1301,0.14534,0.44412,-0.40991,-0.82377,-0.94826,0.57214
0,1.3652,-0.98821,0.70909,1.5125,1.4531,-0.52147,-0.74232,1.3822,-0.4275,0.71462,-1.2612,1.0631,-1.4184,-1.0457,1.6315
0,-0.79055,1.6887,-0.37326,0.95561,0.62731,-0.53931,-1.4443,-1.2451,-1.4054,-0.46139,-1.5827,-0.82581,0.64695,1.6173,1.5962
0,-0.029004,0.30088,-1.1388,-0.65464,1.1406,-0.30214,-1.0212,1.5082,1.6797,-1.1287,0.13298,-1.2032,1.4715,0.083562,-0.63355
0,-1.1175,-1.4715,0.83935,1.4003,0.60803,-1.4424,-1.0273,-0.4241,-0.90975,-0.20634,-0.72983,-0.045327,-0.26475,-0.80634,-1.6973
0,0.41718,0.82488,-1.1687,-1.0139,-1.5098,-1.0333,-1.2255,0.45007,-0.35335,-0.23766,1.2427,0.58791,1.4484,1.2732,-1.2662
0,0.0010034,0.47765,-0.67762,-0.85272,-0.72231,-0.94715,0.66435,0.59878,-1.6022,1.5761,0.53282,-0.25616,-1.5181,-1.4076,0.80877
1,-1.3547,-1.3646,0.44364,0.59726,1.786,1.0307,1.1448,-0.89864,-0.67157,-0.24019,-0.21795,1.6174,-0.96387,-1.4988,-0.49375
1,-1.1822,-1.1974,-0.39615,1.2831,-1.3187,-1.6954,-1.2897,1.0383,1.6888,-0.1779,0.055234,-0.29405,-1.4994,-1.6204,-0.1719
1,0.053669,0.84936,0.80944,1.4633,1.6118,0.03133,0.72662,-1.1704,-1.5727,-0.40973,0.08864,0.22227,-0.90634,1.0979,-0.10942
1,1.4509,-1.0408,0.91208,-1.5425,1.2116,0.68879,-1.3226,0.95628,1.6824,0.35197,0.35104,-0.39059,0.37393,0.88107,-1.0232
1,-1.0831,-1.5558,0.91607,-0.54314,-1.1366,0.18527,0.26101,0.2234,1.2455,-0.086806,-0.55446,0.23637,-0.34806,0.7653,0.39486
1,1.5809,-0.48076,-0.035371,1.767,-1.0822,0.5647,0.72671,0.023977,-0.27348,0.5453,-0.10604,1.6124,-0.79687,-0.80637,-1.4995
1,0.058195,-0.37984,0.72273,1.2198,1.5505,-0.32779,-1.2829,-0.29227,-1.2376,1.6769,-1.6311,0.34336,1.5501,0.42065,-0.89547
1,1.3882,0.50095,0.27966,-0.10371,-0.49098,-1.6414,0.19981,-0.84757,0.63908,-0.76627,0.69678,0.14076,0.59957,-0.98668,1.0433
1,-1.1973,-1.6382,0.15579,-0.88414,-1.2403,-1.2341,-1.5636,-1.7146,-0.84103,0.76093,-1.5053,1.1636,-1.5913,1.2679,-1.665
1,1.1102,0.94284,-1.1095,0.36639,1.6085,-0.68646,0.71026,-0.010324,-1.2228,1.3185,0.41005,0.10038,-0.20247,1.274,-1.8003
