6,0.55067,0.46472,0.37526,0.29306,0.20643,0.12731,0.1333,0.04857,-0.010611,-0.092537,-0.13345,-0.19704,-0.21515,-0.30597
5,0.63032,0.55162,0.53626,0.40027,0.25537,0.1748,0.18606,0.18844,0.25658,0.21568,0.052388,-0.088414,-0.22098,-0.37138
2,2.3759,2.3245,2.2454,2.1819,2.0849,2.0142,1.9436,1.8484,1.7982,1.7448,1.6598,1.6017,1.552,1.5024
1,1.4931,1.4305,1.3308,1.2156,1.0815,1.0167,0.89833,0.83571,0.69858,0.69235,0.63075,0.51673,0.43365,0.30645
3,-0.075356,-0.10461,-0.12924,-0.18079,-0.2042,-0.17661,-0.16688,-0.085328,-0.1407,-0.14447,-0.14579,-0.24964,-0.30779,-0.33379
3,1.3731,1.3315,1.2496,1.1521,1.0732,0.95293,0.87313,0.79596,0.77651,0.66318,0.55814,0.45904,0.33463,0.23852
2,1.6919,1.6414,1.5637,1.4858,1.3886,1.3911,1.4527,1.4875,1.4841,1.4414,1.3781,1.2994,1.2343,1.1692
3,1.0294,0.87521,0.72528,0.56617,0.42045,0.25487,0.083849,-0.059232,-0.22173,-0.37653,-0.52387,-0.69141,-0.83226,-0.95203
4,1.7752,1.8384,1.9105,1.9687,1.957,1.9365,1.92,1.8878,1.8573,1.8324,1.8061,1.7777,1.7282,1.6915
5,0.48612,0.37863,0.28282,0.17327,0.056186,-0.0573,-0.17992,-0.28468,-0.35582,-0.4458,-0.55543,-0.65472,-0.73243,-0.81444
1,3.2116,3.0638,2.8574,2.6302,2.4069,2.316,2.1486,1.9211,1.6937,1.5016,1.2892,1.0619,0.8851,0.65786
2,2.2721,2.2035,2.1432,2.1212,2.0668,1.9951,1.9119,1.8609,1.7829,1.7488,1.6955,1.6588,1.6867,1.644
3,1.9415,1.8618,1.7764,1.6916,1.5674,1.5638,1.4813,1.3658,1.2212,1.1626,1.0323,0.91575,0.79272,0.91719
5,1.8058,1.7072,1.5988,1.5002,1.4177,1.3323,1.2497,1.1575,1.0471,0.95229,0.85996,0.7827,0.73202,0.70947
2,-0.65526,-0.63218,-0.60343,-0.58631,-0.56546,-0.55108,-0.5446,-0.53911,-0.52418,-0.51336,-0.52191,-0.53698,-0.56258,-0.58414
2,0.97247,0.92744,0.88144,0.8105,0.7526,0.69046,0.6177,0.53466,0.45429,0.37396,0.30395,0.24139,0.19396,0.15176
2,2.2224,2.1505,2.1374,2.0779,2.0042,1.9391,1.8751,1.801,1.7379,1.6704,1.5979,1.5278,1.4586,1.3915
4,1.4728,1.3882,1.2951,1.215,1.2242,1.2213,1.1419,1.0662,0.9784,0.89086,0.80676,0.7194,0.63015,0.53124
4,1.65,1.5921,1.5408,1.4992,1.4026,1.2724,1.1627,1.0535,1.0137,1.0576,1.131,1.2245,1.3054,1.375
1,1.7805,1.5794,1.4048,1.2318,1.0826,0.95676,0.79402,0.73236,0.61887,0.54781,0.42345,0.26033,0.10152,-0.067114
5,1.6118,1.5342,1.441,1.3536,1.2715,1.1766,1.0689,0.96407,0.89549,0.8084,0.72292,0.62174,0.5348,0.41934
4,0.20197,0.13493,0.044455,-0.040931,-0.11101,-0.19145,-0.23763,-0.21532,-0.16056,-0.22249,-0.31617,-0.40422,-0.4799,-0.55527
4,2.4399,2.411,2.3631,2.2891,2.2273,2.1704,2.1071,2.055,1.9856,1.9234,1.8626,1.8066,1.7402,1.6704
4,2.1197,2.0376,1.9542,1.8752,1.7945,1.7176,1.6415,1.5595,1.4792,1.3965,1.3189,1.2369,1.1546,1.07
1,1.3118,1.366,1.4733,1.3578,1.3763,1.4837,1.4199,1.3248,1.158,0.8997,0.71138,0.58124,0.41336,0.35532
6,2.4723,2.3645,2.2601,2.1479,2.0825,1.9767,1.8649,1.7904,1.7246,1.6237,1.5195,1.4081,1.4079,1.3429
3,1.5182,1.402,1.31,1.1925,1.1248,1.019,0.88132,0.79404,0.77134,0.66181,0.58113,0.47722,0.37889,0.38032
5,0.088649,0.04754,0.040166,0.041932,0.028797,0.054222,0.010545,-0.00091332,0.018398,0.034315,0.0316,0.042797,0.039148,0.060312
1,1.0067,0.89564,0.72304,0.50557,0.38706,0.26514,0.082435,-0.066522,-0.25944,-0.40233,-0.36925,-0.54733,-0.68566,-0.85853
4,-0.35716,-0.42373,-0.48961,-0.56036,-0.61888,-0.68185,-0.7347,-0.78784,-0.84583,-0.85949,-0.86062,-0.90176,-0.9408,-0.97818
4,1.0542,1.1281,1.2087,1.2434,1.257,1.256,1.2505,1.2161,1.1631,1.0886,1.0265,0.95535,0.96488,1.0045
6,2.4439,2.3243,2.2115,2.1013,1.9819,1.8695,1.7442,1.6246,1.5309,1.4459,1.3292,1.2698,1.1873,1.0793
5,1.1413,1.0706,0.98552,0.92012,0.81776,0.74276,0.67226,0.62201,0.535,0.47209,0.40484,0.32875,0.2653,0.25486
5,1.8568,1.7592,1.7009,1.6267,1.5278,1.4457,1.3577,1.3023,1.2192,1.133,1.0948,1.0521,0.97889,0.91998
2,1.967,1.9553,1.9273,1.8865,1.843,1.8118,1.7658,1.709,1.666,1.6109,1.5442,1.4948,1.4304,1.3699
5,0.54373,0.42456,0.30196,0.14714,-0.017968,-0.15785,-0.2621,-0.34126,-0.34416,-0.30159,-0.441,-0.61781,-0.71312,-0.82341
4,1.9377,1.8519,1.7587,1.6691,1.6261,1.5418,1.4602,1.3639,1.2835,1.1963,1.1108,1.0267,0.94954,0.85715
1,1.3963,1.3003,1.2195,1.0727,1.0707,0.98027,0.86284,0.74788,0.65331,0.72893,0.70276,0.57851,0.52996,0.40005
4,0.22938,0.14638,0.05993,-0.030578,-0.11401,-0.20359,-0.28394,-0.36881,-0.43662,-0.44711,-0.35583,-0.43831,-0.5283,-0.61488
2,0.71005,0.68418,0.65287,0.61704,0.57275,0.53166,0.4843,0.44088,0.39643,0.35107,0.28805,0.24346,0.18026,0.13304
5,1.8609,1.7723,1.6818,1.5959,1.5187,1.4769,1.3928,1.3088,1.2873,1.2115,1.1542,1.1625,1.0945,1.0319
5,2.3015,2.2311,2.1427,2.0535,1.9683,1.8815,1.8044,1.7227,1.6346,1.5756,1.5252,1.4397,1.3395,1.2702
4,0.69461,0.69876,0.68323,0.69033,0.68564,0.68171,0.71685,0.77994,0.77062,0.75678,0.74121,0.73855,0.76156,0.80214
5,0.085898,-0.05073,-0.18904,-0.3381,-0.47339,-0.60859,-0.72732,-0.85599,-0.99484,-1.1062,-1.2178,-1.2917,-1.1817,-1.1046
5,0.95981,0.89333,0.82838,0.75222,0.66881,0.6021,0.57992,0.51516,0.41287,0.26967,0.16915,0.13633,0.065459,-0.010133
3,2.7981,2.7173,2.6253,2.5303,2.4424,2.3506,2.2517,2.1661,2.0561,1.9796,1.8797,1.7815,1.6984,1.6081
1,3.3476,3.2519,3.093,2.973,2.8018,2.5248,2.3082,2.0743,1.8577,1.6288,1.4792,1.2253,1.0893,0.88234
3,1.7232,1.6417,1.5387,1.4495,1.3336,1.2337,1.1052,1.0284,0.93606,0.83074,0.6718,0.58632,0.46991,0.5208
2,0.79737,0.72203,0.63289,0.5546,0.45706,0.37784,0.31115,0.26187,0.20396,0.11393,0.031843,-0.040978,-0.11896,-0.18444
4,0.38509,0.27565,0.14138,0.012153,-0.061126,0.0017921,-0.095092,-0.18989,-0.28265,-0.35957,-0.44351,-0.51763,-0.5838,-0.62666
3,1.9381,1.759,1.5796,1.4332,1.268,1.0888,0.90922,0.77647,0.59737,0.44305,0.28546,0.11254,0.001377,0.028296
1,0.84629,0.80489,0.72247,0.63647,0.50119,0.45868,0.43907,0.35314,0.27447,0.19041,0.045284,0.1538,0.026032,0.039938
3,1.753,1.6617,1.543,1.4517,1.3368,1.2178,1.1779,1.1434,1.028,0.92857,0.81442,0.7255,0.65149,0.71522
5,1.7583,1.6681,1.5668,1.4759,1.3802,1.2878,1.175,1.0835,0.97944,0.89011,0.79039,0.69583,0.59926,0.49978
4,2.4799,2.3767,2.2604,2.1495,2.0524,1.9537,1.9166,2.0281,1.9372,1.8405,1.7334,1.6416,1.5409,1.4387
2,1.0159,0.98042,0.93275,0.88017,0.8291,0.77866,0.72452,0.66405,0.5982,0.53152,0.4668,0.40639,0.34508,0.28867
3,1.7418,1.647,1.5475,1.4501,1.3381,1.1939,1.1027,1.0118,0.92314,0.80188,0.67924,0.52962,0.39746,0.26633
4,0.1924,0.19506,0.18316,0.18511,0.16876,0.20288,0.2203,0.22647,0.24108,0.26277,0.2958,0.30062,0.29649,0.29443
6,1.173,1.0859,1.0018,0.9148,0.82937,0.73793,0.65531,0.5716,0.48408,0.39257,0.306,0.22292,0.22285,0.1677
4,2.4194,2.328,2.2712,2.2104,2.1299,2.0456,1.9745,1.8992,1.8302,1.7541,1.679,1.6057,1.5355,1.4626
1,1.6312,1.5859,1.5057,1.4152,1.3823,1.2598,1.2785,1.1848,1.0861,1.0056,1.0275,0.94317,0.86169,0.74408
4,0.39467,0.3199,0.33318,0.2194,0.066848,-0.043415,-0.14964,-0.22164,-0.29521,-0.37079,-0.44057,-0.51212,-0.5795,-0.64278
4,0.91777,0.84878,0.78269,0.71593,0.63102,0.56684,0.49548,0.41607,0.34768,0.28709,0.22946,0.16726,0.10237,0.034977
1,2.0123,1.9009,1.7749,1.6331,1.5229,1.3182,1.1134,0.90865,0.73583,0.54618,0.34146,0.13666,-0.06814,-0.27284
4,2.6085,2.5269,2.4427,2.356,2.2852,2.1921,2.1089,2.0299,1.9441,1.8606,1.774,1.6915,1.6093,1.5263
3,2.5844,2.4954,2.4024,2.2967,2.1996,2.0875,1.9795,1.8933,1.7802,1.6863,1.5981,1.4867,1.4123,1.3311
4,0.22897,0.1637,0.098384,0.043533,0.012555,-0.016373,-0.026719,-0.014009,0.044838,0.15409,0.12433,0.13461,0.12719,0.11705
1,1.8215,1.6928,1.5321,1.4006,1.2685,1.1415,0.98035,0.83991,0.66361,0.5668,0.41496,0.2563,0.10979,-0.036282
2,1.844,1.817,1.7787,1.7332,1.6678,1.5954,1.5115,1.4308,1.3335,1.2436,1.1378,1.0503,0.96333,0.85996
1,1.5503,1.4348,1.3279,1.2118,1.1444,1.0631,1.0081,0.88656,0.75058,0.7643,0.63906,0.56275,0.45597,0.40163
4,0.40605,0.29799,0.18009,0.09862,0.090277,-0.0065186,-0.10668,-0.18628,-0.2721,-0.36047,-0.41684,-0.45091,-0.34294,-0.23269
5,0.90659,0.84866,0.76893,0.69564,0.6171,0.54453,0.44279,0.35002,0.26153,0.16923,0.07743,-0.016171,-0.087638,-0.17771
5,1.702,1.6235,1.5319,1.4388,1.3521,1.2685,1.1999,1.1203,1.0436,0.97792,0.93895,0.89191,0.79107,0.69381
1,1.7676,1.6692,1.7708,1.7504,1.6781,1.6091,1.5888,1.5099,1.4859,1.4264,1.4294,1.4023,1.3236,1.2871
1,-0.032915,-0.084443,-0.10863,-0.14505,-0.22328,-0.3032,-0.38188,-0.46607,-0.45881,-0.4957,-0.58608,-0.5669,-0.65872,-0.63241
4,0.40826,0.32101,0.20951,0.12275,0.010685,-0.074551,-0.18473,-0.27446,-0.32675,-0.39201,-0.50393,-0.59126,-0.67879,-0.79003
5,2.6428,2.545,2.4416,2.3309,2.2355,2.1364,2.032,1.9259,1.8306,1.7262,1.6459,1.5417,1.4384,1.3374
4,2.1119,2.0223,1.9283,1.8273,1.7393,1.6362,1.545,1.4374,1.3511,1.2504,1.157,1.0491,0.96046,0.85872
4,0.86641,0.81644,0.75158,0.68269,0.62503,0.57128,0.52494,0.46831,0.38956,0.29684,0.20153,0.11046,0.041108,-0.047439
4,2.6124,2.4831,2.3772,2.2566,2.1381,2.0258,1.9294,1.8209,1.719,1.6099,1.5153,1.3974,1.3049,1.1885
4,2.5371,2.4537,2.3722,2.2915,2.2051,2.1307,2.0508,1.9654,1.88,1.8023,1.7254,1.6446,1.5643,1.5158
4,1.8769,1.7815,1.6824,1.5768,1.4858,1.387,1.2776,1.1654,1.0757,1.0176,1.0189,1.1115,1.1519,1.0783
2,0.42339,0.37633,0.33248,0.28083,0.23173,0.17236,0.1056,0.045137,-0.022586,-0.093254,-0.17424,-0.23739,-0.32231,-0.4083
3,2.8463,2.7475,2.6496,2.5584,2.4624,2.3672,2.2804,2.1846,2.0922,2.0014,1.9104,1.8167,1.7221,1.6316
2,1.8695,1.8509,1.8183,1.7955,1.7605,1.7156,1.6735,1.6209,1.5648,1.49,1.441,1.3694,1.312,1.228
3,1.9607,2.0133,2.0044,1.9427,1.8306,1.7916,1.6968,1.5824,1.4797,1.3522,1.2494,1.1357,1.027,0.91827
1,0.87728,0.8144,0.75199,0.74767,0.72362,0.71475,0.67821,0.59276,0.48658,0.58848,0.45403,0.45824,0.55553,0.43523
1,2.1369,2.0523,1.9088,1.7146,1.5394,1.358,1.1801,0.99424,0.80941,0.61832,0.43871,0.26541,0.10649,-0.043021
4,1.9474,1.8671,1.7786,1.7048,1.6414,1.5688,1.4619,1.3821,1.3012,1.2204,1.1545,1.1068,1.146,1.1945
6,1.9156,1.8277,1.8263,1.8061,1.7455,1.6757,1.616,1.5354,1.4529,1.3925,1.3282,1.2732,1.2033,1.1959
5,2.5809,2.5322,2.443,2.3223,2.221,2.1263,2.049,1.9689,1.894,1.7955,1.7133,1.6156,1.5203,1.4206
4,0.91177,0.80926,0.6883,0.59111,0.49501,0.38497,0.306,0.24004,0.18558,0.12777,0.044488,-0.026424,-0.092358,-0.15933
1,3.6382,3.6695,3.5336,3.3161,3.1263,2.8653,2.6498,2.4374,2.2237,2.0075,1.7885,1.5318,1.3215,1.0985
3,1.6953,1.6317,1.5297,1.4389,1.3641,1.3074,1.2497,1.1535,1.0672,0.99941,0.92645,0.85396,0.76717,0.72422
2,1.3445,1.3405,1.2733,1.2835,1.2349,1.1622,1.1262,1.0527,0.98449,0.90208,0.79918,0.69559,0.64554,0.57655
2,1.5903,1.587,1.5786,1.5637,1.5344,1.5213,1.4853,1.4408,1.3858,1.3502,1.3037,1.2556,1.2226,1.1554
5,0.83855,0.76489,0.6787,0.59037,0.50611,0.40633,0.31864,0.24262,0.16479,0.06962,-0.025234,-0.13937,-0.25292,-0.35766
4,1.8439,1.812,1.7724,1.7533,1.7198,1.6756,1.5949,1.5054,1.4744,1.4557,1.3979,1.3238,1.2455,1.1865
3,2.8823,2.7204,2.5808,2.4389,2.2788,2.1166,1.9945,1.8337,1.6718,1.5501,1.388,1.2651,1.1045,0.96894
2,1.8969,1.8033,1.6789,1.5558,1.4316,1.3066,1.2006,1.0967,0.99972,0.90934,0.78987,0.69716,0.65206,0.6889
5,1.3973,1.3304,1.2808,1.2417,1.1854,1.1247,1.0886,1.092,1.0479,1.0073,0.95268,0.91463,0.87527,0.82234
4,0.74774,0.65806,0.58932,0.51978,0.46092,0.41501,0.37149,0.44481,0.41977,0.37403,0.32428,0.28016,0.24084,0.22122
1,1.383,1.2807,1.0805,0.86621,0.68251,0.57396,0.39703,0.27327,0.1745,0.077855,-0.025602,-0.17545,-0.30162,-0.4505
4,1.748,1.6655,1.5688,1.472,1.3948,1.3607,1.369,1.3789,1.3917,1.3962,1.3906,1.3796,1.3691,1.353
4,-0.49011,-0.55858,-0.62766,-0.68912,-0.7062,-0.76936,-0.83145,-0.89047,-0.93496,-0.98508,-1.0225,-1.0522,-1.053,-1.0358
3,2.869,2.7612,2.6585,2.5302,2.4073,2.2863,2.1764,2.0488,1.9244,1.7999,1.6726,1.5472,1.4239,1.2973
4,1.784,1.6789,1.5824,1.6079,1.5063,1.4012,1.2947,1.2023,1.1037,1.0516,1.1204,1.2056,1.2959,1.3973
5,1.2335,1.1959,1.1153,1.056,1.056,1.0733,1.0308,0.96996,0.93449,0.90295,0.86246,0.79948,0.77415,0.85608
4,2.5501,2.4738,2.4007,2.3298,2.254,2.1813,2.1057,2.0327,1.9575,1.8849,1.8098,1.7376,1.6639,1.5781
3,1.7164,1.6665,1.528,1.396,1.2611,1.1485,0.99557,1.049,0.96906,0.83823,0.70538,0.5715,0.39794,0.2627
6,1.7314,1.6344,1.7015,1.5772,1.4824,1.341,1.4147,1.2941,1.1857,1.0537,0.9302,0.80113,0.66893,0.54314
4,1.0481,0.92419,0.83314,0.71861,0.5875,0.46242,0.34689,0.23451,0.12821,0.049831,0.039395,0.11809,0.20775,0.13468
4,2.3321,2.212,2.1002,1.9937,1.8738,1.7566,1.6564,1.5586,1.4396,1.3423,1.2455,1.1494,1.075,1.0195
1,1.2263,1.1282,1.0037,0.85585,0.72371,0.611,0.62401,0.49386,0.41654,0.33104,0.23561,0.12476,0.043513,0.17665
3,1.2929,1.1821,1.1129,1.0184,0.94303,0.84064,0.76834,0.75652,0.65341,0.54753,0.4506,0.41934,0.32508,0.27967
3,2.8569,2.8777,2.8424,2.7438,2.6443,2.5344,2.4303,2.3283,2.2279,2.12,2.0203,1.9123,1.8098,1.7123
5,1.2388,1.1449,1.0443,0.98042,0.89163,0.80795,0.72192,0.62128,0.48543,0.34019,0.21885,0.083782,0.023189,-0.049104
5,0.92315,0.8512,0.73093,0.60517,0.52851,0.45902,0.34764,0.28664,0.1592,0.01936,-0.11639,-0.23597,-0.3665,-0.46306
4,0.69199,0.60966,0.52649,0.45054,0.37022,0.29157,0.217,0.14392,0.064888,-0.0060466,-0.069235,-0.05246,0.015284,0.055633
1,2.5303,2.2591,2.0347,1.7769,1.5874,1.3158,1.045,0.821,0.6446,0.45817,0.19749,-0.073859,-0.34506,-0.56984
4,0.5864,0.46674,0.35479,0.26942,0.17557,0.079805,-0.01119,-0.097704,-0.17851,-0.25904,-0.26986,-0.18277,-0.17591,-0.087474
6,2.2061,2.1753,2.1261,2.0857,2.0437,1.9868,1.8988,1.8083,1.7224,1.6348,1.5655,1.6083,1.5875,1.5058
6,0.42366,0.37283,0.30364,0.27578,0.19795,0.12396,0.063966,-0.0020431,-0.042139,-0.10041,-0.11519,-0.17829,-0.2387,-0.31232
1,1.0949,0.97195,0.88413,0.70093,0.54451,0.41939,0.28673,0.143,-0.046127,-0.24799,-0.37488,-0.44446,-0.47089,-0.37763
2,1.909,1.9143,1.8947,1.8787,1.8457,1.8282,1.7679,1.7127,1.6427,1.5796,1.5281,1.4622,1.4092,1.3863
3,1.8445,1.779,1.6734,1.5818,1.5058,1.4275,1.3165,1.247,1.2177,1.1143,1.0098,0.90033,0.79558,0.69109
1,1.3657,1.2041,1.2679,1.0855,0.95686,0.87407,0.72948,0.63599,0.58866,0.47606,0.36074,0.27456,0.089037,0.20697
5,1.0728,0.95699,0.84532,0.76209,0.65201,0.51771,0.45176,0.38832,0.32491,0.21418,0.08611,-0.012286,-0.14203,-0.28348
5,1.635,1.5886,1.443,1.2975,1.221,1.0889,0.96882,0.95786,0.82822,0.69692,0.61537,0.53831,0.61017,0.63928
4,1.8139,1.7859,1.7617,1.7268,1.7058,1.6648,1.639,1.6018,1.5631,1.531,1.4942,1.4555,1.4037,1.3717
4,1.877,1.7273,1.6054,1.5082,1.459,1.4559,1.4682,1.4665,1.4365,1.3977,1.353,1.3217,1.286,1.2596
5,1.7224,1.66,1.5848,1.4865,1.3984,1.3197,1.373,1.2847,1.3306,1.2789,1.2245,1.1458,1.0606,1.0343
1,1.2669,1.1744,1.0715,0.98084,0.95343,0.87173,0.79834,0.64947,0.68927,0.66036,0.52937,0.44835,0.37802,0.24865
3,2.5932,2.5129,2.4047,2.3139,2.2338,2.1466,2.0608,1.9546,1.8397,1.7376,1.6416,1.5343,1.4659,1.3586
3,2.9182,2.7739,2.6016,2.4247,2.2477,2.07,1.9311,1.7538,1.5762,1.3999,1.2228,1.0718,0.90749,0.76671
2,-0.54036,-0.59134,-0.5764,-0.56944,-0.53702,-0.51375,-0.48519,-0.55656,-0.55234,-0.50884,-0.5041,-0.51215,-0.4954,-0.49594
1,3.4768,3.366,3.1785,2.9708,2.7618,2.6069,2.4602,2.2945,2.0842,1.8919,1.7138,1.5034,1.2931,1.132
5,1.3388,1.2609,1.1864,1.118,1.0912,1.0086,0.92153,0.83255,0.7613,0.67786,0.59675,0.53675,0.4704,0.38484
4,0.92338,0.82904,0.76688,0.66919,0.57268,0.52109,0.42892,0.38423,0.30378,0.2507,0.21399,0.19778,0.18781,0.17946
3,1.3204,1.2208,1.1075,1.0186,0.90102,0.80594,0.68242,0.57965,0.47157,0.34803,0.18857,0.029098,-0.089454,-0.068255
3,1.5474,1.4355,1.3292,1.1878,1.0456,0.89258,0.7703,0.65632,0.52295,0.51055,0.52775,0.45051,0.27051,0.13447
3,2.6338,2.4962,2.3698,2.2356,2.0911,1.9573,1.8126,1.6725,1.5419,1.3996,1.2592,1.1163,0.97978,0.85819
5,1.734,1.6993,1.6781,1.6317,1.5428,1.4682,1.3637,1.2735,1.1858,1.113,1.0553,0.9972,0.92793,0.83976
4,2.1403,2.0954,2.0022,1.9131,1.8079,1.7511,1.7327,1.7142,1.7047,1.6986,1.6842,1.6629,1.6345,1.613
2,1.4936,1.4626,1.4021,1.365,1.3101,1.2621,1.213,1.1595,1.0947,1.0348,0.97532,0.90277,0.82602,0.74532
4,2.85,2.7704,2.6806,2.5856,2.4807,2.3877,2.2937,2.1844,2.0739,1.9635,1.8524,1.7414,1.6298,1.534
4,1.5781,1.553,1.5189,1.4722,1.4343,1.3334,1.2467,1.1598,1.1911,1.1635,1.0762,0.98332,0.88671,0.81222
4,2.4005,2.296,2.2192,2.1148,2.038,1.9373,1.8546,1.7638,1.6708,1.593,1.4968,1.409,1.3299,1.2258
2,-0.245,-0.24508,-0.25146,-0.27668,-0.29173,-0.30344,-0.31986,-0.33532,-0.34355,-0.36698,-0.40291,-0.38218,-0.33032,-0.37517
4,2.4758,2.3906,2.3001,2.2021,2.1065,2.0206,1.9193,1.8238,1.7257,1.6287,1.5291,1.4356,1.3268,1.2331
3,1.8255,1.735,1.6563,1.5983,1.5754,1.4837,1.3809,1.2949,1.2839,1.1996,1.1198,1.0577,1.0099,0.94434
6,2.7673,2.6408,2.5088,2.3644,2.2464,2.0964,1.9486,1.8383,1.7293,1.6214,1.5155,1.4163,1.3288,1.2067
5,1.4615,1.3758,1.2785,1.1772,1.0679,0.98092,0.89025,0.79674,0.7082,0.619,0.56728,0.46727,0.37055,0.27078
2,0.33857,0.30519,0.28339,0.27086,0.27997,0.30461,0.35618,0.39708,0.42826,0.45387,0.46747,0.48602,0.49145,0.48773
2,1.3832,1.3481,1.2905,1.2478,1.1805,1.1211,1.0372,0.9639,0.90387,0.84375,0.78207,0.74068,0.68691,0.6422
6,1.3466,1.3315,1.3266,1.2982,1.2292,1.1595,1.085,0.98731,0.8804,0.77357,0.66184,0.55544,0.44167,0.33004
6,1.4131,1.3642,1.2979,1.2655,1.2029,1.1765,1.1199,1.055,1.0533,1.0001,0.9871,0.9494,1.0222,0.98248
4,0.745,0.63544,0.53894,0.42801,0.32344,0.21813,0.11684,0.032338,0.039281,-0.035634,-0.14162,-0.2271,-0.31971,-0.42855
1,1.9735,1.9267,1.8405,1.7304,1.5731,1.4556,1.3496,1.38,1.2527,1.2028,1.0598,1.0806,1.0002,0.95036
2,1.348,1.2822,1.194,1.1254,1.0397,0.96063,0.88468,0.80374,0.72847,0.64508,0.56099,0.48203,0.40646,0.32955
2,1.3676,1.3168,1.27,1.2121,1.1492,1.0856,1.0103,0.9374,0.86386,0.8137,0.86127,0.92468,0.96986,1.009
3,2.6909,2.5365,2.3625,2.2116,2.0714,1.9214,1.7374,1.596,1.4133,1.2692,1.082,0.94106,0.75378,0.60608
1,0.11889,0.031238,-0.11174,-0.12347,-0.23902,-0.29447,-0.42296,-0.54209,-0.6537,-0.77704,-0.87505,-1.0292,-1.1625,-1.134
5,1.7624,1.6771,1.5697,1.4809,1.3989,1.3199,1.1797,1.041,0.94742,0.98258,1.0031,0.97589,0.85,0.72161
3,0.20468,0.17608,0.15241,0.1876,0.14646,0.099042,0.12603,0.21431,0.21323,0.11412,0.014923,-0.061691,-0.17168,-0.26047
3,1.2073,1.0826,0.96659,0.88023,0.77114,0.68417,0.57705,0.53956,0.4697,0.37786,0.27332,0.1719,0.14983,0.089504
5,1.5968,1.5116,1.3944,1.2579,1.1554,1.1044,1.0222,0.92306,0.86161,0.78567,0.70656,0.64811,0.59227,0.48654
5,0.50295,0.43361,0.34526,0.28625,0.33212,0.28603,0.16495,0.044881,-0.089567,-0.2103,-0.24347,-0.29683,-0.31675,-0.23686
4,0.12964,0.071766,0.021144,-0.04031,-0.092217,-0.07619,-0.14624,-0.21163,-0.27659,-0.33986,-0.39355,-0.43664,-0.47139,-0.42685
6,2.6741,2.6169,2.5394,2.4411,2.35,2.2586,2.1536,2.0609,1.9628,1.8684,1.7906,1.694,1.6057,1.4903
4,2.7899,2.6906,2.5956,2.4963,2.3971,2.3069,2.2039,2.1001,2.0049,1.9066,1.8072,1.7155,1.6202,1.5194
5,1.7801,1.7252,1.6409,1.5665,1.4875,1.3886,1.3046,1.2882,1.2242,1.1654,1.0726,0.98808,0.9084,0.84492
1,1.4299,1.355,1.272,1.1722,1.0854,0.99561,0.9129,0.85274,0.77469,0.69479,0.5739,0.47481,0.44262,0.42598
1,0.75323,0.61779,0.41106,0.21054,0.096787,-0.11081,-0.33281,-0.51801,-0.65759,-0.76873,-0.66032,-0.57503,-0.47592,-0.36928
5,1.2614,1.235,1.1862,1.1433,1.0595,1.0003,0.92202,0.84964,0.74731,0.67748,0.61895,0.55063,0.47495,0.41962
4,2.0027,1.9179,1.8439,1.7699,1.7071,1.647,1.5747,1.5163,1.4764,1.4898,1.5737,1.6212,1.5684,1.4874
1,0.58631,0.50145,0.49167,0.45389,0.36706,0.27268,0.14216,0.043317,-0.025309,-0.052666,-0.099156,-0.084372,-0.086934,-0.13019
6,2.214,2.1467,2.0767,1.9945,1.9179,1.8312,1.7587,1.6732,1.617,1.5316,1.4477,1.4005,1.3387,1.2593
2,1.933,1.8956,1.8638,1.7859,1.7128,1.6349,1.5583,1.4991,1.4504,1.3919,1.3337,1.2819,1.2113,1.1497
2,2.0886,2.064,2.0704,2.0609,2.0895,2.0786,2.0418,1.9971,1.9459,1.8654,1.7699,1.6938,1.6227,1.5217
4,-0.060286,-0.13798,-0.19699,-0.26948,-0.4051,-0.46646,-0.53463,-0.62691,-0.72506,-0.82889,-0.94823,-1.0746,-1.1954,-1.3035
6,1.2746,1.2359,1.2302,1.2264,1.1708,1.0819,0.98719,0.89884,0.81138,0.72267,0.63545,0.56854,0.48459,0.39254
4,0.52796,0.41681,0.30651,0.19794,0.11088,0.010135,-0.098562,-0.20769,-0.34504,-0.48202,-0.6184,-0.75653,-0.89576,-1.0124
4,2.3169,2.2396,2.1597,2.0707,1.9772,1.8905,1.8063,1.7211,1.6357,1.5542,1.4635,1.3778,1.2857,1.2054
5,1.6583,1.5474,1.4422,1.407,1.3134,1.226,1.1055,0.97535,0.8253,0.78013,0.70304,0.63722,0.63556,0.67747
3,2.7428,2.6917,2.5522,2.4033,2.2521,2.1463,1.9948,1.8908,1.7404,1.6348,1.4834,1.4167,1.3079,1.1702
1,-0.039992,-0.12796,-0.21042,-0.30434,-0.36242,-0.3752,-0.43239,-0.49897,-0.55941,-0.38512,-0.27093,-0.29754,-0.28179,-0.28672
2,1.7965,1.7729,1.7545,1.7137,1.6739,1.6351,1.5818,1.5446,1.4955,1.4709,1.4169,1.3742,1.3153,1.2556
1,3.6171,3.6259,3.5376,3.3542,3.1036,2.8829,2.6957,2.4703,2.2675,2.1126,1.8995,1.6888,1.4907,1.2743
1,3.1894,3.1393,3.0939,2.974,2.7105,2.4891,2.2795,2.0107,1.7431,1.4754,1.3213,1.0557,0.78992,0.52505
5,1.2367,1.1581,1.0763,1.0109,0.93891,0.85526,0.80842,0.73944,0.67026,0.60922,0.57581,0.52263,0.47447,0.39267
2,0.26742,0.21473,0.15735,0.095258,0.038594,-0.010941,-0.034044,-0.061756,-0.10168,-0.13594,-0.18423,-0.22834,-0.27807,-0.32975
3,0.23176,0.094605,-0.044379,-0.078736,-0.03693,0.0060658,0.059981,0.111,0.11823,0.083289,0.10226,0.13945,0.21206,0.27811
5,1.5983,1.4948,1.4168,1.327,1.2331,1.1874,1.0989,1.0407,0.99924,1.0213,1.0222,0.92213,0.82396,0.71856
6,2.5913,2.4471,2.3312,2.2177,2.0833,1.9504,1.8419,1.7195,1.6187,1.5115,1.402,1.2772,1.1712,1.1548
1,1.8886,1.7869,1.6581,1.5072,1.35,1.3935,1.2049,1.0427,1.0427,0.98248,0.83103,0.71549,0.61837,0.48351
3,1.8979,1.8274,1.6822,1.5312,1.3565,1.195,1.0393,0.87354,0.72937,0.56606,0.4276,0.35077,0.32021,0.25487
1,2.8352,2.7116,2.5647,2.3263,2.1262,1.9408,1.7575,1.5484,1.365,1.205,1.0154,0.85489,0.65537,0.5487
2,1.4737,1.418,1.3537,1.2851,1.2073,1.1303,1.0456,0.95895,0.88622,0.78576,0.71532,0.6453,0.54879,0.45801
3,2.9104,2.7827,2.6861,2.5593,2.4534,2.3384,2.2318,2.1175,2.027,1.9321,1.8325,1.7068,1.588,1.4953
