1,1.582,0.18782,0.18782,0.18782,1.582,0.18782,0.18782,0.18782,0.18782,0.18782,1.582,0.18782,0.18782,0.18782
1,0.10075,0.10075,0.10075,1.612,0.10075,0.10075,0.10075,0.10075,1.612,0.10075,0.10075,0.10075,0.10075,1.612
1,-0.050707,1.2532,-0.050707,-0.050707,1.2532,-0.050707,-0.050707,1.2532,-0.050707,1.2532,-0.050707,-0.050707,1.2532,-0.050707
1,1.5139,0.090916,0.090916,1.5139,0.090916,0.090916,1.5139,0.090916,1.5139,0.090916,0.090916,1.5139,0.090916,1.5139
1,0.14216,1.4378,0.14216,1.4378,0.14216,0.14216,0.14216,1.4378,0.14216,0.14216,1.4378,0.14216,0.14216,1.4378
1,-0.55267,-0.55267,-0.55267,-0.55267,-0.55267,-0.55267,-0.55267,-0.55267,-0.55267,-0.55267,-0.55267,-0.55267,-0.55267,-0.55267
1,-0.63052,-0.63052,-0.63052,-0.63052,-0.63052,-0.63052,-0.63052,-0.63052,-0.63052,-0.63052,-0.63052,-0.63052,-0.63052,-0.63052
1,-0.47,-0.47,-0.47,-0.47,-0.47,-0.47,-0.47,-0.47,-0.47,-0.47,-0.47,-0.47,-0.47,-0.47
1,-0.77095,-0.77095,-0.77095,-0.77095,-0.77095,-0.77095,-0.77095,-0.77095,-0.77095,-0.77095,-0.77095,-0.77095,-0.77095,-0.77095
1,-0.8377,-0.8377,-0.8377,-0.8377,-0.8377,-0.8377,-0.8377,-0.8377,-0.8377,-0.8377,-0.8377,-0.8377,-0.8377,-0.8377
1,-0.65593,-0.65593,-0.65593,-0.65593,-0.65593,-0.65593,-0.65593,-0.65593,-0.65593,-0.65593,-0.65593,-0.65593,-0.65593,-0.65593
1,-0.54893,-0.54893,-0.54893,-0.54893,-0.54893,-0.54893,-0.54893,-0.54893,-0.54893,-0.54893,-0.54893,-0.54893,-0.54893,-0.54893
1,-0.55799,-0.55799,-0.55799,-0.55799,-0.55799,-0.55799,-0.55799,-0.55799,-0.55799,-0.55799,-0.55799,-0.55799,-0.55799,-0.55799
1,-0.57194,-0.57194,-0.57194,-0.57194,-0.57194,-0.57194,-0.57194,-0.57194,-0.57194,-0.57194,-0.57194,-0.57194,-0.57194,-0.57194
1,-0.59122,-0.59122,-0.59122,-0.59122,-0.59122,-0.59122,-0.59122,-0.59122,-0.59122,-0.59122,-0.59122,-0.59122,-0.59122,-0.59122
1,-0.4173,-0.4173,-0.4173,-0.4173,-0.4173,-0.4173,-0.4173,-0.4173,-0.4173,-0.4173,-0.4173,-0.4173,-0.4173,-0.4173
1,-0.63159,-0.63159,-0.63159,-0.63159,-0.63159,-0.63159,-0.63159,-0.63159,-0.63159,-0.63159,-0.63159,-0.63159,-0.63159,-0.63159
1,-0.47828,-0.47828,-0.47828,-0.47828,-0.47828,-0.47828,-0.47828,-0.47828,-0.47828,-0.47828,-0.47828,-0.47828,-0.47828,-0.47828
1,-0.4605,-0.4605,-0.4605,-0.4605,-0.4605,-0.4605,-0.4605,-0.4605,-0.4605,-0.4605,-0.4605,-0.4605,-0.4605,-0.4605
1,-0.46392,-0.46392,-0.46392,-0.46392,-0.46392,-0.46392,-0.46392,-0.46392,-0.46392,-0.46392,-0.46392,-0.46392,-0.46392,-0.46392
1,-0.29802,-0.29802,-0.29802,-0.29802,-0.29802,-0.29802,-0.29802,-0.29802,-0.29802,-0.29802,-0.29802,-0.29802,-0.29802,-0.29802
1,-0.68295,-0.68295,-0.68295,-0.68295,-0.68295,-0.68295,-0.68295,-0.68295,-0.68295,-0.68295,-0.68295,-0.68295,-0.68295,-0.68295
1,-0.29657,-0.29657,-0.29657,-0.29657,-0.29657,-0.29657,-0.29657,-0.29657,-0.29657,-0.29657,-0.29657,-0.29657,-0.29657,-0.29657
1,-0.27794,-0.27794,-0.27794,-0.27794,-0.27794,-0.27794,-0.27794,-0.27794,-0.27794,-0.27794,-0.27794,-0.27794,-0.27794,-0.27794
1,-0.28608,-0.28608,-0.28608,-0.28608,-0.28608,-0.28608,-0.28608,-0.28608,-0.28608,-0.28608,-0.28608,-0.28608,-0.28608,-0.28608
1,-0.39344,-0.39344,-0.39344,-0.39344,-0.39344,-0.39344,-0.39344,-0.39344,-0.39344,-0.39344,-0.39344,-0.39344,-0.39344,-0.39344
1,-0.44535,-0.44535,-0.44535,-0.44535,-0.44535,-0.44535,-0.44535,-0.44535,-0.44535,-0.44535,-0.44535,-0.44535,-0.44535,-0.44535
1,-0.28847,-0.28847,-0.28847,-0.28847,-0.28847,-0.28847,-0.28847,-0.28847,-0.28847,-0.28847,-0.28847,-0.28847,-0.28847,-0.28847
1,-0.27201,-0.27201,-0.27201,-0.27201,-0.27201,-0.27201,-0.27201,-0.27201,-0.27201,-0.27201,-0.27201,-0.27201,-0.27201,-0.27201
1,-0.35608,-0.35608,-0.35608,-0.35608,-0.35608,-0.35608,-0.35608,-0.35608,-0.35608,-0.35608,-0.35608,-0.35608,-0.35608,-0.35608
1,-0.24959,-0.24959,-0.24959,-0.24959,-0.24959,0.10556,-0.24959,-0.24959,-0.24959,-0.24959,-0.24959,0.10556,-0.24959,-0.24959
1,0.61657,-0.2258,-0.2258,-0.2258,-0.2258,-0.2258,0.61657,-0.2258,-0.2258,-0.2258,-0.2258,0.61657,-0.2258,-0.2258
1,-0.20284,0.35672,-0.20284,-0.20284,-0.20284,-0.20284,-0.20284,0.35672,-0.20284,-0.20284,-0.20284,-0.20284,-0.20284,0.35672
1,0.070519,-0.26573,-0.26573,-0.26573,-0.26573,0.070519,-0.26573,-0.26573,-0.26573,-0.26573,-0.26573,0.070519,-0.26573,-0.26573
1,-0.38158,-0.38158,-0.38158,-0.38158,-0.38158,-0.16794,-0.38158,-0.38158,-0.38158,-0.38158,-0.16794,-0.38158,-0.38158,-0.38158
1,-0.70169,-0.70169,-0.70169,-0.70169,-0.70169,-0.70169,-0.70169,-0.70169,-0.70169,-0.70169,-0.70169,-0.70169,-0.70169,-0.70169
1,-0.50109,-0.50109,-0.50109,-0.50109,-0.50109,-0.50109,-0.50109,-0.50109,-0.50109,-0.50109,-0.50109,-0.50109,-0.50109,-0.50109
1,-0.71827,-0.71827,-0.71827,-0.71827,-0.71827,-0.71827,-0.71827,-0.71827,-0.71827,-0.71827,-0.71827,-0.71827,-0.71827,-0.71827
1,-1.1793,-1.1793,-1.1793,-1.1793,-1.1793,-1.1793,-1.1793,-1.1793,-1.1793,-1.1793,-1.1793,-1.1793,-1.1793,-1.1793
1,-1.0072,-1.0072,-1.0072,-1.0072,-1.0072,-1.0072,-1.0072,-1.0072,-1.0072,-1.0072,-1.0072,-1.0072,-1.0072,-1.0072
1,-0.22681,-0.22681,-0.22681,-0.22681,-0.22681,-0.22681,-0.22681,-0.22681,0.13448,-0.22681,-0.22681,-0.22681,-0.22681,-0.22681
1,-0.66183,-0.66183,-0.66183,-0.66183,-0.66183,-0.66183,-0.66183,-0.66183,-0.66183,-0.66183,-0.66183,-0.66183,-0.66183,-0.50742
1,1.3943,1.8856,1.8856,1.3943,1.8856,1.8856,1.3943,1.8856,1.8856,1.3943,1.8856,1.3943,1.8856,1.8856
1,-0.5421,-0.5421,-0.5421,-0.5421,-0.5421,-0.5421,-0.5421,1.4794,1.4794,1.9848,1.9848,1.9848,1.4794,1.9848
1,-0.19158,0.2368,-0.19158,-0.19158,-0.19158,-0.19158,-0.19158,-0.19158,-0.19158,-0.19158,-0.19158,-0.19158,-0.19158,-0.19158
1,-0.49782,-0.49782,-0.42426,-0.49782,-0.49782,-0.49782,-0.42426,-0.49782,-0.49782,-0.49782,-0.49782,-0.42426,-0.49782,-0.49782
1,-0.58589,-0.58589,-0.58589,-0.58589,-0.58589,-0.58589,-0.58589,-0.58589,-0.58589,-0.58589,-0.58589,-0.58589,-0.58589,-0.58589
1,1.2315,1.5005,1.2315,1.2315,1.2315,1.2315,1.5005,1.2315,1.2315,1.5005,1.2315,1.2315,1.2315,1.5005
1,-0.61701,-0.61701,-0.61701,-0.61701,-0.61701,-0.61701,-0.61701,-0.61701,-0.61701,-0.61701,-0.61701,-0.61701,-0.61701,-0.61701
1,-0.62434,-0.62434,-0.62434,-0.62434,-0.62434,-0.62434,-0.62434,-0.62434,-0.62434,-0.62434,-0.62434,-0.62434,-0.62434,-0.62434
1,1.6665,1.9131,1.9131,1.6665,1.9131,1.6665,1.9131,1.9131,1.6665,1.9131,1.1733,-0.42967,-0.55298,-0.55298
1,0.97502,0.97502,1.1845,0.97502,1.1845,0.97502,1.1845,0.97502,1.1845,1.1845,0.97502,1.1845,0.97502,1.1845
1,0.96555,0.75459,0.96555,0.75459,0.96555,0.96555,0.75459,0.96555,0.75459,0.96555,0.75459,0.96555,0.96555,0.75459
1,0.81172,1.0214,0.81172,1.0214,1.0214,0.81172,1.0214,-0.6558,-1.0227,-1.0751,-1.0751,-1.0751,-1.0751,-1.0751
1,-1.1565,-1.1565,-1.1565,-1.1565,-1.1565,-1.1565,-1.1565,-0.94422,-1.1035,-1.1565,-1.1565,-1.1565,-1.1565,-1.1565
1,0.78932,0.78932,0.99689,0.78932,0.78932,0.78932,0.99689,0.78932,0.99689,0.99689,0.78932,0.78932,0.99689,0.99689
1,-0.53452,-0.53452,-0.53452,-0.53452,-0.53452,-0.53452,-0.53452,-0.53452,-0.53452,-0.53452,-0.53452,-0.53452,-0.53452,-0.53452
1,0.96464,0.96464,1.1615,0.96464,1.1615,0.96464,1.1615,0.96464,0.96464,1.1615,0.96464,0.96464,1.1615,1.1615
1,-0.25054,-0.25054,-0.25054,-0.25054,-0.25054,-0.25054,-0.25054,-0.25054,-0.25054,-0.25054,-0.25054,-0.25054,-0.25054,-0.25054
1,-0.96478,-0.96478,-0.96478,-0.96478,-0.96478,-0.96478,-0.96478,-0.96478,-0.96478,-0.96478,-0.96478,-0.96478,-0.96478,-0.96478
1,-0.64336,-0.46206,-0.64336,-0.46206,-0.64336,-0.46206,-0.46206,-0.64336,-0.46206,-0.64336,-0.46206,-0.64336,-0.46206,-0.64336
1,-0.59939,-0.59939,-0.59939,-0.59939,-0.0035859,-0.59939,-0.59939,-0.59939,-0.59939,-0.0035859,-0.59939,-0.59939,-0.59939,-0.59939
1,-0.69232,-0.51882,-0.69232,-0.51882,-0.69232,-0.51882,-0.69232,-0.51882,-0.51882,-0.69232,-0.51882,-0.69232,-0.51882,-0.69232
1,-0.70693,-0.70693,-0.70693,-0.70693,-0.15687,-0.70693,-0.70693,-0.70693,-0.70693,-0.34022,-0.70693,-0.70693,-0.70693,-0.70693
1,-0.69922,-0.52681,-0.69922,-0.52681,-0.69922,-0.52681,-0.69922,-0.52681,-0.69922,-0.52681,-0.52681,-0.69922,-0.52681,-0.69922
1,-0.662,-0.662,-0.662,-0.662,-0.662,-0.662,-0.662,-0.662,-0.662,-0.662,-0.662,-0.662,-0.662,-0.662
1,-0.6715,-0.6715,-0.6715,-0.6715,-0.6715,-0.6715,-0.6715,-0.6715,-0.6715,-0.6715,-0.6715,-0.6715,-0.6715,-0.6715
1,-0.7964,-0.7964,-0.7964,-0.7964,-0.7964,-0.7964,-0.7964,-0.7964,-0.7964,-0.7964,-0.7964,-0.7964,-0.7964,-0.7964
1,-0.78782,-0.78782,-0.78782,-0.78782,-0.78782,-0.78782,-0.78782,-0.78782,-0.78782,-0.78782,-0.78782,-0.78782,-0.78782,-0.78782
1,-0.81271,-0.81271,-0.81271,-0.81271,-0.81271,-0.81271,-0.81271,-0.81271,-0.81271,-0.81271,-0.81271,-0.81271,-0.81271,-0.81271
1,1.1239,1.3702,1.1239,1.3702,1.1239,1.1239,1.1239,1.3702,1.1239,1.1239,1.1239,1.3702,1.1239,1.1239
1,-0.42526,-0.42526,-0.42526,-0.42526,-0.42526,-0.42526,-0.42526,-0.42526,-0.42526,-0.42526,-0.42526,-0.42526,-0.42526,-0.42526
1,-0.50628,-0.50628,-0.50628,-0.50628,-0.50628,-0.50628,-0.50628,-0.50628,-0.50628,-0.50628,-0.50628,-0.50628,-0.50628,-0.50628
1,-0.53295,-0.53295,-0.53295,-0.53295,-0.53295,-0.53295,-0.53295,-0.53295,-0.53295,-0.53295,-0.53295,-0.53295,-0.53295,-0.53295
1,0.55389,0.55389,0.55389,0.55389,0.55389,0.55389,0.55389,0.27848,0.55389,0.55389,0.55389,0.55389,0.27848,0.55389
1,-0.49508,-0.49508,-0.49508,-0.49508,-0.49508,-0.49508,-0.49508,-0.49508,-0.49508,-0.49508,-0.49508,-0.49508,-0.49508,-0.49508
1,-0.91882,-0.91882,-0.91882,-0.91882,-0.91882,-0.91882,-0.91882,-0.91882,-0.91882,-0.91882,-0.91882,-0.91882,-0.91882,-0.91882
1,-0.86946,-0.86946,-0.86946,-0.86946,-0.86946,-0.86946,-0.86946,-0.86946,-0.86946,-0.86946,-0.86946,-0.86946,-0.86946,-0.86946
1,-0.70715,-0.70715,-0.70715,-0.70715,-0.70715,-0.70715,-0.70715,-0.70715,-0.70715,-0.70715,-0.70715,-0.70715,-0.70715,-0.70715
1,-0.55069,-0.55069,-0.55069,-0.55069,-0.55069,-0.55069,-0.55069,-0.55069,-0.55069,-0.55069,-0.55069,-0.55069,-0.55069,-0.55069
1,3.0178,0.90046,-0.36995,0.053522,-0.36995,-0.36995,-0.36995,-0.36995,-0.36995,-0.36995,-0.36995,-0.36995,-0.36995,0.053522
1,-0.76401,-0.76401,-0.76401,-0.76401,-0.76401,-0.76401,-0.76401,-0.76401,-0.52274,-0.76401,-0.76401,-0.76401,-0.76401,-0.76401
1,-0.27383,-0.27383,-0.27383,-0.27383,-0.27383,-0.27383,0.28627,-0.27383,-0.27383,-0.27383,-0.27383,-0.27383,-0.27383,-0.27383
1,-0.25197,-0.25197,-0.25197,-0.25197,-0.25197,-0.25197,-0.25197,-0.25197,-0.25197,-0.25197,-0.25197,-0.25197,-0.25197,0.2912
1,-0.5296,-0.5296,-0.5296,-0.5296,-0.5296,-0.5296,-0.5296,-0.5296,-0.5296,-0.23216,-0.5296,-0.5296,-0.5296,-0.5296
1,-0.77327,-0.77327,-0.77327,-0.77327,-0.77327,-0.77327,-0.77327,-0.77327,-0.77327,-0.77327,-0.77327,-0.77327,-0.77327,-0.77327
1,-0.71773,-0.71773,-0.71773,-0.71773,-0.71773,-0.71773,-0.71773,-0.71773,-0.71773,-0.71773,-0.71773,-0.71773,-0.71773,-0.71773
1,-1.0288,-1.0288,-1.0288,-1.0288,-1.0288,-1.0288,-1.0288,-1.0288,-1.0288,-1.0288,-1.0288,-1.0288,-1.0288,-1.0288
1,-0.83812,-0.83812,-0.83812,-0.83812,-0.83812,-0.83812,-0.83812,-0.83812,-0.83812,-0.83812,-0.83812,-0.83812,-0.83812,-0.83812
1,-0.79362,-0.79362,-0.79362,-0.79362,-0.79362,-0.79362,-0.79362,-0.79362,-0.79362,-0.79362,-0.79362,-0.79362,-0.79362,-0.79362
1,1.6725,1.6725,1.6725,1.896,1.6725,1.896,1.6725,1.896,1.6725,1.6725,1.896,1.6725,1.6725,1.896
1,1.9848,1.9848,2.2309,1.9848,2.2309,1.9848,2.2309,1.9848,1.9848,2.2309,1.9848,2.2309,1.9848,2.2309
1,1.965,1.7369,1.965,1.7369,1.965,1.7369,1.965,1.7369,1.965,1.7369,1.965,1.7369,1.965,1.7369
1,-0.42289,-0.42289,-0.42289,-0.42289,-0.42289,-0.42289,-0.42289,-0.42289,-0.42289,-0.42289,-0.42289,-0.42289,-0.42289,-0.42289
1,1.1179,1.1179,1.3127,1.1179,1.3127,1.1179,1.1179,1.3127,1.1179,1.3127,1.1179,1.1179,1.3127,1.1179
1,-1.1883,0.54012,0.54012,-1.1883,0.54012,0.54012,-1.1883,0.54012,-1.1883,0.54012,0.54012,0.54012,-1.1883,0.54012
1,-0.61575,-0.52853,-0.61575,-0.52853,-0.52853,-0.61575,-0.52853,-0.61575,-0.52853,-0.52853,-0.52853,-0.52853,-0.61575,-0.52853
1,-0.36919,-0.22314,-0.36919,-0.22314,-0.22314,-0.36919,-0.22314,-0.36919,-0.22314,-0.22314,-0.36919,-0.22314,-0.22314,-0.36919
1,-0.37131,-0.47859,-0.37131,-0.37131,-0.47859,-0.37131,-0.37131,-0.37131,-0.47859,-0.37131,-0.37131,-0.37131,-0.47859,-0.37131
1,-0.72801,-0.6472,-0.6472,-0.6472,-0.72801,-0.6472,-0.6472,-0.72801,-0.6472,-0.6472,-0.72801,-0.6472,-0.6472,-0.72801
1,-0.53639,-0.53639,-0.53639,-0.53639,-0.53639,-0.53639,-0.53639,-0.53639,-0.53639,-0.53639,-0.53639,-0.53639,-0.53639,-0.53639
1,-0.59565,-0.59565,-0.59565,-0.59565,-0.59565,-0.59565,-0.59565,-0.59565,-0.59565,-0.59565,-0.59565,-0.59565,-0.59565,-0.59565
1,-0.71059,-0.71059,-0.71059,-0.71059,-0.71059,-0.71059,-0.71059,-0.71059,-0.71059,-0.71059,-0.71059,-0.71059,-0.71059,-0.71059
1,-0.50113,-0.50113,-0.50113,-0.50113,-0.50113,-0.50113,-0.50113,-0.50113,-0.50113,-0.50113,-0.50113,-0.50113,-0.50113,-0.50113
1,-0.55546,-0.55546,-0.55546,-0.55546,-0.55546,-0.55546,-0.55546,-0.55546,-0.55546,-0.55546,-0.55546,-0.55546,-0.55546,-0.55546
1,1.2333,1.2333,1.2333,1.2333,-0.46779,1.3278,1.3278,1.3278,1.3278,-0.56229,1.0128,1.0128,1.0128,1.0128
1,-0.92429,-0.92429,-0.92429,-0.92429,-0.92429,-0.92429,-0.92429,-0.92429,-0.92429,-0.92429,-0.92429,-0.92429,-0.92429,-0.92429
1,1.3553,1.3553,1.3553,1.3553,-0.39101,2.0613,2.0613,2.0613,2.0613,-0.3167,2.3585,2.3585,2.3585,2.3585
1,-0.75107,-0.75107,-0.75107,-0.75107,-0.75107,-0.75107,-0.75107,-0.75107,-0.75107,-0.75107,-0.75107,-0.75107,-0.75107,-0.75107
1,0.88977,0.88977,0.88977,0.88977,-0.62158,-0.62158,-0.62158,-0.62158,-0.62158,-0.47764,-0.62158,-0.62158,-0.62158,-0.62158
1,0.39828,0.39828,0.66497,0.66497,-0.33512,-1.6019,-1.6686,-1.7352,-1.6686,-1.6686,-1.6686,-1.6686,-1.6686,-1.6686
1,-1.5032,-1.5032,-1.5032,-1.5032,-1.5032,-1.5032,-1.5662,-1.5032,-1.5032,-1.5032,-1.5032,-1.5032,-1.5032,-1.5032
1,-0.9401,-0.99781,-0.9401,-0.9401,-0.9401,-0.9401,-0.9401,-0.9401,-0.9401,-0.9401,-0.9401,-0.99781,-0.9401,-0.9401
1,0.99823,0.99823,0.99823,0.75756,0.75756,0.99823,0.75756,0.75756,0.99823,0.75756,0.75756,0.99823,0.75756,0.75756
1,0.71716,0.47331,0.47331,-0.74594,-1.3556,-1.4165,-1.4165,-1.4165,-1.4165,-1.4775,-1.4165,-1.4165,-1.4165,-1.4165
1,-0.29621,0.24924,-0.29621,-0.29621,-0.29621,-0.29621,0.24924,-0.29621,-0.29621,-0.29621,-0.29621,0.24924,-0.29621,-0.29621
1,-0.37435,-0.37435,0.052124,-0.37435,-0.37435,-0.37435,-0.37435,0.052124,-0.37435,-0.37435,-0.37435,-0.37435,0.052124,-0.37435
1,-0.30196,0.36291,-0.30196,-0.30196,-0.30196,-0.30196,0.36291,-0.30196,-0.30196,-0.30196,-0.30196,0.36291,-0.30196,-0.30196
1,-0.29849,-0.29849,-0.29849,-0.29849,0.36895,-0.29849,-0.29849,-0.29849,-0.29849,0.36895,-0.29849,-0.29849,-0.29849,-0.29849
1,-0.26729,-0.56022,-0.56022,-0.56022,-0.56022,-0.56022,-0.26729,-0.56022,-0.56022,-0.56022,-0.56022,-0.26729,-0.56022,-0.56022
1,-0.74888,-0.74888,-1.0811,-0.74888,-0.74888,-0.74888,-0.74888,-0.74888,-0.74888,-0.74888,-1.0811,-0.74888,-0.74888,-0.74888
1,0.3518,0.3518,-2.6282,0.3518,0.3518,0.3518,0.3518,0.3518,0.3518,0.3518,-2.6282,0.3518,0.3518,0.3518
1,-0.81385,-0.26672,-0.26672,-0.26672,-0.26672,-0.26672,-0.26672,-0.26672,-0.81385,-0.26672,-0.26672,-0.26672,-0.26672,-0.26672
1,-0.27058,-0.27058,-0.27058,-0.27058,-0.27058,-0.81475,-0.27058,-0.27058,-0.27058,-0.27058,-0.27058,-0.27058,-0.27058,-0.81475
1,-0.30705,-0.30705,-0.30705,-0.30705,-0.30705,-0.82239,-0.30705,-0.30705,-0.30705,-0.30705,-0.30705,-0.30705,-0.30705,-0.82239
2,1.0306,1.5997,1.5997,1.5997,1.0306,1.5997,1.5997,1.5997,1.0306,1.5997,1.5997,1.0306,1.5997,1.5997
2,-1.6169,0.6176,0.6176,-1.6169,0.6176,0.6176,-1.6169,0.6176,0.6176,0.6176,-1.6169,0.6176,0.6176,-1.6169
2,0.62404,0.62404,-1.6002,0.62404,0.62404,0.62404,-1.6002,0.62404,0.62404,0.62404,-1.6002,0.62404,0.62404,-1.6002
2,-0.54481,-0.38437,-0.38437,-0.38437,-0.54481,-0.38437,-0.38437,-0.54481,-0.38437,-0.38437,-0.38437,-0.54481,-0.38437,-0.38437
2,-1.5839,0.63048,0.63048,0.63048,-1.5839,0.63048,0.63048,0.63048,-1.5839,0.63048,0.63048,-1.5839,0.63048,0.63048
2,-1.0716,-1.0716,-1.0716,-1.0716,-1.0716,-1.0716,-1.0716,-1.0716,-1.0716,-1.0716,-1.0716,-1.0716,-1.0716,-1.0716
2,-0.63498,-0.63498,-0.63498,-0.63498,-0.63498,-0.63498,-0.63498,-0.63498,-0.63498,-0.63498,-0.63498,-0.63498,-0.63498,-0.63498
2,-0.53091,-0.53091,-0.53091,-0.53091,-0.53091,-0.53091,-0.53091,-0.53091,-0.53091,-0.53091,-0.53091,-0.53091,-0.53091,-0.53091
2,-0.91425,-0.91425,-0.91425,-0.91425,-0.91425,-0.91425,-0.91425,-0.91425,-0.91425,-0.91425,-0.91425,-0.91425,-0.91425,-0.91425
2,-0.43229,-0.43229,-0.43229,-0.43229,-0.43229,-0.43229,-0.43229,-0.43229,-0.43229,-0.43229,-0.43229,-0.43229,-0.43229,-0.43229
2,-0.6849,-0.6849,-0.6849,-0.6849,-0.6849,-0.6849,-0.6849,-0.6849,-0.6849,-0.6849,-0.6849,-0.6849,-0.6849,-0.6849
2,-0.4699,-0.4699,-0.4699,-0.4699,-0.4699,-0.4699,-0.4699,-0.4699,-0.4699,-0.4699,-0.4699,-0.4699,-0.4699,-0.4699
2,-0.4806,-0.4806,-0.4806,-0.4806,-0.4806,-0.4806,-0.4806,-0.4806,-0.4806,-0.4806,-0.4806,-0.4806,-0.4806,-0.4806
2,-0.5261,-0.5261,-0.5261,-0.5261,-0.5261,-0.5261,-0.5261,-0.5261,-0.5261,-0.5261,-0.5261,-0.5261,-0.5261,-0.5261
2,-0.8575,-0.8575,-0.8575,-0.8575,-0.8575,-0.8575,-0.8575,-0.8575,-0.8575,-0.8575,-0.8575,-0.8575,-0.8575,-0.8575
2,-0.70183,-0.70183,-0.70183,-0.70183,-0.70183,-0.70183,-0.70183,-0.70183,-0.70183,-0.70183,-0.70183,-0.70183,-0.70183,-0.70183
2,-0.81032,-0.81032,-0.81032,-0.81032,-0.81032,-0.81032,-0.81032,-0.81032,-0.81032,-0.81032,-0.81032,-0.81032,-0.81032,-0.81032
2,1.0991,1.3392,1.6594,1.9796,1.9796,1.3392,-0.34175,-0.58189,-0.58189,-0.58189,-0.58189,-0.58189,-0.58189,-0.58189
2,-0.711,-0.711,-0.711,-0.711,-0.711,-0.711,-0.711,-0.711,-0.711,-0.711,-0.711,-0.711,-0.711,-0.711
2,-0.7613,-0.7613,-0.7613,-0.7613,-0.7613,-0.7613,-0.7613,-0.7613,-0.7613,-0.7613,-0.7613,-0.7613,-0.7613,-0.7613
2,-0.91332,-0.91332,-0.91332,-0.91332,-0.91332,-0.91332,-0.91332,-0.91332,-0.91332,-0.91332,1.3036,1.3036,1.3036,1.0265
2,0.90197,0.90197,0.66123,0.90197,0.66123,0.66123,0.90197,0.66123,-0.70292,-1.0239,-1.0239,-1.0239,-1.0239,-1.0239
2,-1.0782,-1.0782,-1.0782,-1.0782,-1.0782,-1.0782,-1.0782,-0.18363,1.0687,1.0687,1.0687,0.80037,1.0687,1.0687
2,-1.1105,-1.1105,-1.1105,-1.1105,-1.1105,-1.1105,-1.1105,0.82411,0.82411,0.82411,0.58228,0.82411,0.82411,0.58228
2,1.1297,1.1297,0.85858,1.1297,0.85858,1.1297,0.85858,1.1297,0.85858,1.1297,0.58749,-0.9487,-1.0391,-1.0391
2,1.5052,1.8104,1.5052,1.8104,1.5052,1.8104,2.2174,1.8104,1.8104,1.8104,1.8104,1.8104,1.5052,1.8104
2,1.1236,-0.88879,-0.88879,1.1236,-0.88879,1.1236,-0.88879,1.1236,-0.88879,1.1236,-0.88879,-0.88879,1.1236,-0.88879
2,-0.095959,-0.42186,-0.095959,-0.095959,-0.42186,-0.095959,-0.095959,-0.42186,-0.095959,-0.095959,-0.42186,-0.095959,-0.095959,-0.42186
2,-0.88879,-0.88879,1.1236,-0.88879,1.1236,-0.88879,1.1236,-0.88879,1.1236,-0.88879,-0.88879,1.1236,-0.88879,1.1236
2,1.1331,-0.8813,1.1331,-0.8813,-0.8813,1.1331,-0.8813,1.1331,-0.8813,1.1331,-0.8813,1.1331,-0.8813,-0.8813
2,-0.60111,-0.60111,-0.60111,-0.60111,-0.60111,-0.60111,-0.60111,-0.60111,-0.60111,-0.60111,-0.60111,-0.60111,-0.60111,-0.60111
2,-0.49941,-0.49941,-0.49941,-0.49941,-0.49941,-0.49941,-0.49941,-0.49941,-0.49941,-0.49941,-0.49941,-0.49941,-0.49941,-0.49941
2,-0.14521,-0.14521,-0.14521,-0.14521,-0.14521,-0.14521,-0.14521,-0.14521,-0.14521,-0.14521,-0.14521,-0.14521,-0.14521,-0.14521
2,-0.72826,-0.72826,-0.72826,-0.72826,-0.72826,-0.72826,-0.72826,-0.72826,-0.72826,-0.72826,-0.72826,-0.72826,-0.72826,-0.72826
2,-0.59612,-0.59612,-0.59612,-0.59612,-0.59612,-0.59612,-0.59612,-0.59612,-0.59612,-0.59612,-0.59612,-0.59612,-0.59612,-0.59612
2,-0.11071,-0.11071,-0.11071,-0.11071,-0.11071,-0.11071,-0.11071,-0.11071,-0.11071,-0.11071,-0.11071,-0.11071,-0.11071,-0.11071
2,-0.12363,-0.12363,-0.12363,-0.12363,-0.12363,-0.12363,-0.12363,-0.12363,-0.12363,-0.12363,-0.12363,-0.12363,-0.12363,-0.12363
2,3.0867,3.0867,3.0867,3.9247,3.0867,3.0867,3.0867,3.9247,3.0867,3.0867,3.0867,3.0867,3.9247,3.9247
2,-0.10559,-0.10559,-0.10559,-0.10559,-0.10559,-0.10559,-0.10559,-0.10559,-0.10559,-0.10559,-0.10559,-0.10559,-0.10559,-0.10559
2,-0.29653,-0.29653,-0.29653,-0.29653,-0.29653,-0.29653,-0.29653,-0.29653,-0.29653,-0.29653,-0.29653,-0.29653,-0.29653,-0.29653
2,-0.78341,-0.78341,-0.78341,-0.78341,-0.78341,-0.78341,-0.78341,-0.78341,-0.78341,-0.78341,-0.78341,-0.78341,-0.78341,-0.78341
2,-0.27037,-0.27037,-0.27037,-0.27037,-0.27037,-0.27037,-0.27037,-0.27037,-0.27037,-0.27037,-0.27037,-0.27037,-0.27037,-0.27037
2,-0.84702,-0.84702,-0.84702,-0.84702,-0.84702,-0.84702,-0.84702,-0.84702,-0.84702,-0.84702,-0.84702,-0.84702,-0.84702,-0.84702
2,-0.56355,-0.56355,-0.56355,-0.56355,-0.56355,-0.56355,-0.56355,-0.56355,-0.56355,-0.56355,-0.56355,-0.56355,-0.56355,-0.56355
2,-0.81674,-0.81674,-0.81674,-0.81674,-0.81674,-0.81674,-0.81674,-0.81674,-0.81674,-0.81674,-0.81674,-0.81674,-0.81674,-0.81674
2,2.6834,2.6834,2.6834,2.6834,2.6834,2.6834,3.2896,2.6834,2.6834,2.6834,2.6834,2.6834,2.6834,2.6834
2,-0.37058,-0.37058,-0.37058,-0.37058,-0.37058,-0.37058,-0.37058,-0.37058,-0.37058,-0.37058,-0.37058,-0.37058,-0.37058,-0.37058
2,1.6456,1.6456,1.6456,1.6456,-0.45775,1.8074,1.8074,1.8074,1.8074,-0.13416,1.6456,1.6456,1.6456,1.6456
2,1.5168,1.5168,1.081,-0.51717,-0.66246,-0.66246,-0.66246,-0.66246,-0.66246,-0.66246,-0.66246,-0.66246,-0.66246,-0.66246
2,1.8533,1.8533,1.8533,1.8533,-0.12014,1.5244,1.5244,1.5244,1.5244,-0.44905,1.6888,1.6888,1.6888,1.6888
2,-0.22886,-0.22886,-0.22886,-0.22886,-0.22886,-0.22886,-0.22886,-0.22886,-0.22886,-0.22886,-0.22886,-0.22886,-0.22886,-0.22886
2,-0.070547,-0.070547,-0.070547,-0.070547,-0.070547,-0.070547,-0.070547,-0.070547,-0.070547,-0.070547,-0.070547,-0.070547,-0.070547,-0.070547
2,-0.33598,-0.33598,-0.33598,-0.33598,-0.33598,-0.33598,-0.33598,-0.33598,-0.33598,-0.33598,-0.33598,-0.33598,-0.33598,-0.33598
2,3.7457,3.7457,3.7457,3.7457,3.7457,2.9415,3.7457,3.7457,3.7457,3.7457,3.7457,3.7457,3.7457,3.7457
2,-0.20306,-0.20306,-0.20306,-0.20306,-0.20306,-0.20306,-0.20306,-0.20306,-0.20306,-0.20306,-0.20306,-0.20306,-0.20306,-0.20306
2,0.60252,0.85801,1.369,0.85801,1.1135,1.369,0.85801,1.1135,0.85801,1.1135,1.1135,1.369,0.85801,1.369
2,1,1.2536,1,1,1.2536,1,1,1,1,1.2536,1,1,1,1
2,0.7913,0.7913,0.7913,0.7913,0.7913,0.52354,0.7913,0.7913,0.7913,0.7913,0.7913,0.7913,0.7913,0.7913
2,0.67324,0.92482,0.92482,0.92482,0.92482,1.1764,0.92482,1.1764,0.92482,0.92482,0.92482,1.1764,1.1764,1.1764
2,0.5603,0.81502,0.5603,1.0697,0.81502,0.81502,0.5603,0.5603,0.5603,0.30558,0.5603,0.5603,0.81502,0.5603
2,1.7641,1.4235,-0.53506,-0.53506,-0.53506,-0.53506,-0.53506,-0.62022,-0.53506,-0.53506,-0.53506,-0.53506,-0.53506,-0.53506
2,-0.64382,-0.64382,-0.64382,-0.64382,-0.64382,-0.64382,-0.64382,-0.64382,-0.64382,-0.64382,-0.64382,-0.64382,-0.64382,-0.64382
2,0.95956,0.95956,0.95956,0.67562,0.67562,-0.74404,-0.95699,-0.95699,-0.95699,-0.95699,-0.95699,-0.95699,-0.95699,-0.95699
2,-0.67011,-0.74667,-0.67011,-0.67011,-0.67011,-0.67011,-0.67011,-0.67011,-0.67011,-0.67011,-0.67011,-0.67011,-0.67011,-0.67011
2,1.981,1.6181,1.981,1.6181,1.981,1.981,1.6181,2.3439,2.3439,1.981,1.6181,1.981,1.981,2.3439
2,-0.43418,-0.43418,-0.43418,-0.43418,-0.43418,-0.43418,-0.43418,-0.43418,-0.43418,-0.43418,-0.43418,-0.43418,-0.43418,-0.43418
2,-0.21002,-0.21002,-0.21002,-0.21002,-0.21002,-0.21002,-0.21002,-0.21002,-0.21002,-0.21002,-0.21002,-0.21002,-0.21002,-0.21002
2,-0.41356,-0.41356,-0.41356,-0.41356,-0.41356,-0.41356,-0.41356,-0.41356,-0.41356,-0.41356,-0.41356,-0.41356,-0.41356,-0.41356
2,-0.33447,-0.33447,-0.33447,-0.33447,-0.33447,-0.33447,-0.33447,-0.33447,-0.33447,-0.33447,-0.33447,-0.33447,-0.33447,-0.33447
2,-0.4012,-0.4012,-0.4012,-0.4012,-0.4012,-0.4012,-0.4012,-0.4012,-0.4012,-0.4012,-0.4012,-0.4012,-0.4012,-0.4012
2,1.0324,1.0324,1.0324,0.77026,0.77026,0.77026,-0.5402,-0.97703,-1.0644,-1.0644,-1.0644,-1.0644,-1.0644,-1.0644
2,-1.1642,-1.1642,-1.1642,-1.1642,-1.1642,-1.1642,-1.1642,-1.1642,-1.1642,-1.1642,-1.1642,-1.1642,-1.1642,-1.1642
2,-1.0174,-1.0174,-1.0174,-1.0174,-1.0174,-1.0174,-1.0174,-1.0174,-1.0174,-1.0174,-1.0174,-1.0174,-1.0174,-1.0174
2,-0.42104,-0.42104,-0.42104,-0.42104,-0.42104,-0.42104,-0.42104,-0.42104,-0.42104,-0.42104,-0.42104,-0.42104,-0.42104,-0.42104
2,-1.2784,-1.2784,-1.2784,-1.2784,-1.2784,-1.2784,-1.2784,-1.2784,-1.2784,-1.2784,-1.2784,-1.2784,-1.2784,-1.2784
2,-0.67047,-0.67047,-0.67047,-0.67047,-0.67047,-0.67047,-0.67047,-0.67047,-0.67047,-0.67047,-0.67047,-0.67047,-0.67047,-0.67047
2,-0.24026,-0.24026,-0.24026,-0.24026,-0.47723,1.7345,1.7345,1.7345,1.7345,-0.39824,1.5765,1.5765,1.5765,1.5765
2,-0.61219,-0.61219,-0.61219,-0.61219,-0.61219,-0.61219,-0.61219,-0.61219,-0.61219,-0.61219,-0.61219,-0.61219,-0.61219,-0.61219
2,-0.42733,-0.42733,-0.42733,-0.42733,-0.42733,-0.42733,-0.42733,-0.42733,-0.42733,-0.42733,-0.42733,-0.42733,-0.42733,-0.42733
2,-0.58913,-0.58913,-0.58913,-0.58913,-0.58913,-0.58913,-0.58913,-0.58913,-0.58913,-0.58913,-0.58913,-0.58913,-0.58913,-0.58913
2,-0.089684,-0.089684,-0.089684,-0.089684,-0.089684,-0.089684,-0.089684,-0.089684,-0.089684,-0.089684,-0.089684,-0.089684,-0.089684,-0.089684
2,-0.22565,-0.22565,-0.22565,-0.22565,-0.22565,-0.22565,-0.22565,-0.22565,-0.22565,-0.22565,-0.22565,-0.22565,-0.22565,-0.22565
2,-0.16186,-0.16186,-0.16186,-0.16186,-0.16186,-0.16186,-0.16186,-0.16186,-0.16186,-0.16186,-0.16186,-0.16186,-0.16186,-0.16186
2,-0.19914,-0.19914,-0.19914,-0.19914,-0.19914,-0.19914,-0.19914,-0.19914,-0.19914,-0.19914,-0.19914,-0.19914,-0.19914,-0.19914
2,-0.08133,-0.08133,-0.08133,-0.08133,-0.08133,-0.08133,-0.08133,-0.08133,-0.08133,-0.08133,-0.08133,-0.08133,-0.08133,-0.08133
2,-0.98572,-0.98572,-0.98572,-0.98572,-0.98572,-0.98572,-0.98572,-0.98572,-0.98572,-0.98572,-0.98572,-0.98572,-0.98572,-0.98572
2,-1.0132,-1.0132,-1.0132,-1.0132,-1.0132,-1.0132,-1.0132,-1.0132,-1.0132,-1.0132,-1.0132,-1.0132,-1.0132,-1.0132
2,-0.30977,-0.30977,-0.30977,-0.30977,-0.30977,-0.30977,-0.30977,-0.30977,-0.30977,-0.30977,-0.30977,-0.30977,-0.30977,-0.30977
2,-0.54426,-0.54426,-0.54426,-0.54426,-0.54426,-0.54426,-0.54426,-0.54426,-0.54426,-0.54426,-0.54426,-0.54426,-0.54426,-0.54426
2,-0.77465,-0.77465,-0.77465,-0.77465,-0.77465,-0.77465,-0.77465,-0.77465,-0.77465,-0.77465,-0.77465,-0.77465,-0.77465,-0.77465
2,-0.63213,-0.75754,-0.63213,-0.63213,-0.63213,-0.63213,-0.63213,-0.63213,-0.63213,-0.75754,-0.63213,-0.63213,-0.63213,-0.63213
2,-0.95662,-0.83782,-0.83782,-0.83782,-0.83782,-0.83782,-0.83782,-0.83782,-0.95662,-0.83782,-0.83782,-0.83782,-0.83782,-0.83782
2,-0.66701,-0.66701,-0.66701,-0.66701,-0.66701,-0.66701,-0.66701,-0.66701,-0.66701,-0.66701,-0.66701,-0.66701,-0.66701,-0.66701
2,-0.41585,-0.41585,-0.41585,-0.41585,-0.41585,-0.41585,-0.58406,-0.41585,-0.41585,-0.41585,-0.41585,-0.41585,-0.41585,-0.41585
2,-0.60939,-0.60939,-0.60939,-0.60939,-0.60939,-0.60939,-0.60939,-0.60939,-0.60939,-0.60939,-0.60939,-0.60939,-0.60939,-0.60939
2,-0.085971,-0.085971,-0.085971,-0.085971,-0.085971,-0.085971,-0.085971,-0.085971,-0.085971,-0.085971,-0.085971,-0.085971,-0.085971,-0.085971
2,-0.31962,-0.31962,-0.31962,-0.31962,-0.31962,-0.31962,-0.31962,-0.31962,-0.31962,-0.31962,-0.31962,-0.31962,-0.31962,-0.31962
2,-0.24298,-0.24298,-0.24298,-0.24298,-0.24298,-0.24298,-0.24298,-0.24298,-0.24298,-0.24298,-0.24298,-0.24298,-0.24298,-0.24298
2,-0.39227,-0.39227,-0.39227,-0.39227,-0.39227,-0.39227,-0.39227,-0.39227,-0.39227,-0.39227,-0.39227,-0.39227,-0.39227,-0.39227
2,-0.31006,-0.31006,-0.31006,-0.31006,-0.31006,-0.31006,-0.31006,-0.31006,-0.31006,-0.31006,-0.31006,-0.31006,-0.31006,-0.31006
2,-0.68938,-0.7526,-0.7526,-0.68938,-0.7526,-0.7526,1.0174,1.5231,1.0174,1.2702,0.76454,1.2702,1.2702,1.2702
2,-0.88103,-0.94342,-0.94342,-0.88103,-0.94342,-0.94342,-0.88103,-0.94342,-0.94342,-0.88103,-0.94342,-0.94342,-0.88103,-0.94342
2,-0.33887,-0.33887,-0.33887,-0.33887,-0.33887,-0.33887,-0.33887,-0.33887,-0.33887,-0.33887,-0.33887,-0.33887,-0.33887,-0.33887
2,0.26863,-0.7984,-0.91072,-0.91072,-0.91072,-0.91072,-0.91072,-0.91072,-0.91072,-0.91072,-0.91072,-0.91072,-0.91072,-0.91072
2,-0.54683,-0.54683,-0.54683,-0.54683,-0.54683,-0.54683,-0.54683,-0.54683,-0.54683,-0.54683,-0.54683,-0.54683,-0.54683,-0.54683
2,-0.34349,-0.34349,-0.34349,-0.34349,-0.34349,-0.34349,-0.34349,-0.34349,-0.34349,-0.34349,-0.34349,-0.34349,-0.34349,-0.34349
2,-0.64423,-0.64423,-0.64423,-0.64423,-0.64423,-0.64423,-0.64423,-0.64423,-0.64423,-0.64423,-0.64423,-0.64423,-0.64423,-0.64423
2,-0.20524,-0.20524,-0.20524,-0.20524,-0.20524,-0.20524,-0.20524,-0.20524,-0.20524,-0.20524,-0.20524,-0.20524,-0.20524,-0.20524
2,-0.32087,-0.32087,-0.32087,-0.32087,-0.32087,-0.32087,-0.32087,-0.32087,-0.32087,-0.32087,-0.32087,-0.32087,-0.32087,-0.32087
2,-0.529,-0.529,-0.529,-0.529,-0.529,-0.529,-0.529,-0.529,-0.529,-0.529,-0.529,-0.529,-0.529,-0.529
2,-0.44609,0.25366,-0.44609,0.25366,0.25366,-0.44609,0.25366,-0.44609,0.25366,-0.44609,0.25366,-0.44609,0.25366,-0.44609
2,0.15956,-0.412,0.15956,-0.412,0.15956,-0.412,0.15956,-0.412,0.15956,-0.412,0.15956,-0.412,0.15956,-0.412
2,-0.39439,-0.0059347,-0.39439,-0.0059347,-0.39439,-0.0059347,-0.39439,-0.0059347,-0.39439,-0.0059347,-0.39439,-0.0059347,-0.39439,-0.0059347
2,-0.10297,-0.40313,-0.10297,-0.40313,-0.10297,-0.40313,-0.10297,-0.40313,-0.10297,-0.10297,-0.40313,-0.10297,-0.40313,-0.10297
2,-0.40186,-0.069285,-0.40186,-0.069285,-0.40186,-0.069285,-0.40186,-0.069285,-0.40186,-0.069285,-0.40186,-0.069285,-0.069285,-0.40186
2,-0.23232,0.22222,0.22222,0.22222,-0.23232,0.22222,0.22222,-0.23232,0.22222,0.22222,0.22222,-0.23232,0.22222,0.22222
2,-0.17344,0.18335,-0.17344,-0.17344,0.18335,-0.17344,0.18335,-0.17344,-0.17344,-0.53024,-0.53024,-0.53024,-0.53024,-0.53024
2,-0.36768,-0.59868,-0.36768,-0.59868,-0.36768,-0.59868,-0.36768,-0.36768,-0.59868,-0.36768,-0.59868,-0.36768,-0.59868,-0.36768
2,-0.59882,-0.36296,-0.59882,-0.36296,-0.59882,-0.59882,-0.36296,-0.59882,-0.36296,-0.59882,-0.36296,-0.59882,-0.36296,-0.59882
2,-0.3222,-0.57217,-0.3222,-0.57217,-0.57217,-0.3222,-0.57217,-0.3222,-0.57217,-0.57217,-0.3222,-0.57217,-0.3222,-0.57217
2,-0.5171,-0.5171,-0.5171,-0.5171,-0.5171,-0.5171,-0.5171,-0.5171,-0.5171,-0.5171,-0.5171,-0.5171,-0.5171,-0.5171
2,-0.29481,-0.29481,-0.29481,-0.29481,-0.29481,-0.29481,-0.29481,-0.29481,-0.29481,-0.29481,-0.29481,-0.29481,-0.29481,-0.29481
2,-0.28985,-0.28985,-0.28985,-0.28985,-0.28985,-0.28985,-0.28985,-0.28985,-0.28985,-0.28985,-0.28985,-0.28985,-0.28985,-0.28985
2,-0.60539,-0.60539,-0.60539,-0.60539,-0.60539,-0.60539,-0.60539,-0.60539,-0.60539,-0.60539,-0.60539,-0.60539,-0.60539,-0.60539
2,2.0485,2.0485,2.0485,2.0485,2.4686,2.0485,2.0485,2.0485,2.0485,2.0485,2.0485,2.0485,2.0485,2.0485
3,-0.5399,-0.5399,-0.5399,-0.5399,-0.5399,-0.5399,-0.5399,-0.5399,-0.32297,-0.5399,-0.5399,-0.5399,-0.5399,-0.5399
3,-0.88314,-0.88314,-0.88314,-0.88314,-0.88314,-0.88314,-0.88314,-0.88314,-0.88314,-0.88314,-0.88314,-0.88314,-0.88314,-0.88314
3,1.7204,-0.24203,-0.6345,-0.6345,-0.6345,-0.6345,-0.6345,-0.6345,-0.6345,-0.6345,-0.6345,-0.6345,-0.6345,-0.6345
3,-0.76241,-0.76241,-0.76241,-0.76241,-0.76241,-0.76241,-0.76241,-0.76241,-0.76241,-0.76241,-0.76241,-0.76241,-0.76241,-0.76241
3,1.3691,1.3691,1.3691,1.897,1.3691,-0.038865,-0.74283,-0.74283,-0.74283,-0.74283,-0.74283,-0.74283,-0.74283,-0.74283
3,-0.4908,-0.4908,-0.4908,-0.4908,-0.21034,-0.4908,-0.4908,-0.4908,-0.4908,-0.4908,-0.21034,-0.4908,-0.4908,-0.4908
3,-0.71293,-0.71293,-0.71293,-0.71293,-0.71293,-0.71293,-0.71293,-0.71293,-0.71293,-0.71293,-0.71293,-0.71293,-0.71293,-0.71293
3,1.8156,1.8156,1.8156,1.8156,1.3299,1.8156,1.8156,1.8156,1.8156,1.8156,1.3299,1.8156,1.8156,1.8156
3,-0.58084,-0.58084,-0.58084,-0.58084,-0.58084,-0.58084,-0.58084,-0.58084,-0.58084,-0.58084,-0.58084,-0.58084,-0.58084,-0.58084
3,-0.49624,-0.49624,-0.49624,-0.49624,-0.49624,-0.49624,-0.49624,-0.49624,-0.49624,-0.49624,-0.49624,-0.49624,-0.49624,-0.49624
3,-1.0232,-1.0232,-1.0232,-1.0232,-1.0232,-1.0232,-1.0232,-1.0232,-1.0232,-1.0232,-1.0232,-1.0232,-1.0232,-1.0232
3,-0.88207,-0.88207,-0.88207,-0.88207,-0.88207,-0.88207,-0.88207,-0.88207,-0.88207,-0.88207,-0.88207,-0.88207,-0.88207,-0.88207
3,-0.33609,-0.33609,-0.33609,-0.33609,-0.33609,-0.33609,-0.33609,-0.33609,-0.33609,-0.33609,-0.33609,-0.33609,-0.33609,-0.33609
3,-0.76202,-0.76202,-0.76202,-0.76202,-0.76202,-0.76202,-0.76202,-0.76202,-0.76202,-0.76202,-0.76202,-0.76202,-0.76202,-0.76202
3,-0.78807,-0.78807,-0.78807,-0.78807,-0.78807,-0.78807,-0.78807,-0.78807,-0.78807,-0.78807,-0.78807,-0.78807,-0.78807,-0.78807
3,-0.13911,-0.13911,-0.13911,-0.13911,-0.13911,-0.13911,-0.13911,-0.13911,-0.13911,-0.13911,-0.13911,-0.13911,-0.13911,-0.13911
3,-0.17782,-0.17782,-0.17782,-0.17782,-0.17782,-0.17782,-0.17782,-0.17782,-0.17782,-0.17782,-0.17782,-0.17782,-0.17782,-0.17782
3,-0.20042,-0.20042,-0.20042,-0.20042,-0.20042,-0.20042,-0.20042,-0.20042,-0.20042,-0.20042,-0.20042,-0.20042,-0.20042,-0.20042
3,-0.30743,-0.30743,-0.30743,-0.30743,-0.30743,-0.30743,-0.30743,-0.30743,-0.30743,-0.30743,-0.30743,-0.30743,-0.30743,-0.30743
3,-0.29302,-0.29302,-0.29302,-0.29302,-0.29302,-0.29302,-0.29302,-0.29302,-0.29302,-0.29302,-0.29302,-0.29302,-0.29302,-0.29302
3,-0.23125,-0.23125,-0.23125,-0.23125,-0.23125,-0.23125,-0.23125,-0.23125,-0.23125,-0.23125,-0.23125,-0.23125,-0.23125,-0.23125
3,-0.16658,-0.16658,-0.16658,-0.16658,-0.16658,-0.16658,-0.16658,-0.16658,-0.16658,-0.16658,-0.16658,-0.16658,-0.16658,-0.16658
3,26.796,-0.037268,-0.037268,-0.037268,-0.037268,-0.037268,-0.037268,-0.037268,-0.037268,-0.037268,-0.037268,-0.037268,-0.037268,-0.037268
3,2.1093,2.1093,2.1093,2.1093,2.1093,2.1093,2.1093,2.1093,2.6261,2.1093,2.1093,2.1093,2.1093,2.1093
3,-0.25781,3.5304,4.4774,5.4245,4.4774,4.4774,5.4245,4.4774,4.4774,1.6363,5.4245,-0.25781,-0.25781,0.21572
3,-0.37421,-0.37421,-0.37421,-0.37421,-0.37421,-0.37421,-0.37421,-0.37421,-0.37421,-0.37421,-0.37421,-0.37421,-0.37421,-0.37421
3,-0.37829,-0.37829,-0.37829,-0.37829,-0.37829,-0.37829,-0.37829,-0.37829,-0.37829,-0.37829,-0.37829,-0.37829,-0.37829,-0.37829
3,-0.48999,-0.48999,-0.48999,-0.48999,-0.48999,-0.48999,-0.48999,-0.48999,-0.48999,-0.48999,-0.48999,-0.48999,-0.48999,-0.48999
3,-0.53272,-0.53272,-0.53272,-0.53272,-0.53272,-0.53272,-0.53272,-0.53272,-0.53272,-0.53272,-0.53272,-0.53272,-0.53272,-0.53272
3,2.0357,0.51763,-0.49443,-0.49443,-0.49443,-0.49443,-0.49443,-0.49443,-0.49443,-0.49443,-0.49443,-0.49443,-0.49443,-0.49443
3,-0.27053,-0.27053,-0.27053,-0.27053,-0.27053,-0.27053,-0.27053,-0.27053,-0.27053,-0.27053,-0.27053,-0.27053,-0.27053,-0.27053
3,-0.28431,-0.28431,-0.28431,-0.28431,-0.28431,-0.28431,-0.28431,-0.28431,-0.28431,-0.28431,-0.28431,-0.28431,-0.28431,-0.28431
3,-0.2217,-0.2217,-0.2217,-0.2217,-0.2217,-0.2217,-0.2217,-0.2217,-0.2217,-0.2217,-0.2217,-0.2217,-0.2217,-0.2217
3,-0.13202,-0.13202,-0.13202,-0.13202,-0.13202,-0.13202,-0.13202,-0.13202,-0.13202,-0.13202,-0.13202,-0.13202,-0.13202,-0.13202
3,-0.069944,-0.069944,-0.069944,-0.069944,-0.069944,-0.069944,-0.069944,-0.069944,-0.069944,-0.069944,-0.069944,-0.069944,-0.069944,-0.069944
3,1.0986,-0.90899,1.0986,-0.90899,-0.90899,1.0986,-0.90899,1.0986,-0.90899,1.0986,-0.90899,1.0986,-0.90899,1.0986
3,-0.30994,-0.03846,-0.30994,-0.03846,-0.30994,-0.03846,-0.30994,-0.30994,-0.03846,-0.30994,-0.03846,-0.30994,-0.03846,-0.30994
3,-0.16866,-0.36483,-0.16866,-0.36483,-0.16866,-0.36483,-0.16866,-0.36483,-0.36483,-0.16866,-0.36483,-0.16866,-0.36483,-0.16866
3,-0.32003,0.16002,-0.32003,-0.32003,0.16002,-0.32003,0.16002,-0.32003,0.16002,-0.32003,0.16002,-0.32003,0.16002,-0.32003
3,-0.92956,1.0743,-0.92956,-0.92956,1.0743,-0.92956,1.0743,-0.92956,1.0743,-0.92956,1.0743,-0.92956,1.0743,-0.92956
3,0.45225,0.45225,0.20326,0.45225,0.20326,0.45225,0.45225,0.20326,0.45225,0.45225,0.20326,0.45225,0.45225,0.20326
3,0.12181,0.12181,-0.95105,0.12181,0.12181,-0.95105,0.12181,0.12181,-0.95105,0.12181,0.12181,-0.95105,0.12181,0.12181
3,-1.814,0.10177,0.10177,0.10177,-1.814,0.10177,0.10177,0.10177,-1.814,0.10177,0.10177,0.10177,-1.814,0.10177
3,-0.3561,-0.3561,-0.3561,-0.3561,-0.3561,-0.3561,-0.3561,-0.3561,-0.3561,-0.3561,-0.3561,-0.3561,-0.3561,-0.3561
3,-1.1002,-1.0541,-1.1002,-1.1002,-1.1002,-1.1002,-1.1002,-1.1002,-1.1002,-1.1002,-1.1002,-1.1002,-1.1002,-1.1002
3,1.7836,0.26385,0.26385,0.26385,1.7836,0.26385,0.26385,0.26385,1.7836,0.26385,0.26385,0.26385,1.7836,0.26385
3,-0.18708,-0.18708,-0.18708,-0.18708,-0.18708,-0.18708,-0.18708,-0.18708,-0.18708,-0.18708,-0.18708,-0.18708,-0.18708,-0.18708
3,0.37472,0.37472,0.37472,0.37472,0.37472,0.37472,-1.9713,0.37472,0.37472,0.37472,0.37472,0.37472,0.37472,0.37472
3,-1.2022,-1.2022,-1.2022,-1.2022,-1.2022,-1.2022,-1.2022,-1.2022,-1.2022,-1.2022,-1.2022,-1.2022,-1.2022,-1.2022
3,-0.76472,-0.76472,-0.76472,-0.76472,-0.76472,-0.76472,-0.76472,-0.76472,-0.76472,-0.76472,-0.76472,-0.76472,-0.76472,-0.76472
3,-0.56953,-0.56953,-0.56953,-0.56953,-0.56953,-0.56953,-0.56953,-0.56953,-0.56953,-0.56953,-0.56953,-0.56953,-0.56953,-0.56953
3,-0.46153,-0.46153,-0.46153,-0.46153,-0.46153,-0.46153,-0.46153,-0.46153,-0.46153,-0.46153,-0.46153,-0.46153,-0.46153,-0.46153
3,-0.71538,-0.71538,-0.71538,-0.71538,-0.71538,-0.71538,-0.71538,-0.71538,-0.71538,-0.71538,-0.71538,-0.71538,-0.71538,-0.71538
3,-0.33107,-0.33107,-0.33107,-0.33107,-0.33107,-0.33107,-0.33107,-0.33107,-0.33107,-0.33107,-0.33107,-0.33107,-0.33107,-0.33107
3,-0.90957,-0.90957,-0.90957,-0.90957,-0.90957,-0.90957,-0.90957,-0.90957,-0.90957,-0.90957,-0.90957,-0.90957,-0.90957,-0.90957
3,-0.89632,1.1141,-0.89632,1.1141,-0.89632,1.1141,-0.89632,1.1141,-0.89632,-0.89632,1.1141,-0.89632,1.1141,-0.89632
3,-0.8714,1.146,-0.8714,1.146,-0.8714,1.146,-0.8714,1.146,-0.8714,1.146,-0.8714,1.146,-0.8714,1.146
3,-0.83975,-0.83975,1.1892,-0.83975,1.1892,-0.83975,1.1892,-0.83975,1.1892,-0.83975,-0.83975,1.1892,-0.83975,1.1892
3,-0.84698,1.179,-0.84698,1.179,-0.84698,1.179,-0.84698,1.179,-0.84698,1.179,-0.84698,1.179,-0.84698,1.179
3,-0.84698,-0.84698,1.179,-0.84698,1.179,-0.84698,-0.84698,1.179,-0.84698,1.179,-0.84698,-0.84698,1.179,-0.84698
3,-0.32593,-0.32593,-0.32593,-0.32593,-0.32593,-0.32593,-0.32593,-0.32593,-0.32593,-0.32593,-0.32593,-0.32593,-0.32593,-0.32593
3,-0.22849,-0.22849,-0.22849,-0.22849,-0.22849,-0.22849,-0.22849,-0.22849,-0.22849,-0.22849,-0.22849,-0.22849,-0.22849,-0.22849
3,-0.10485,-0.10485,-0.10485,-0.10485,-0.10485,-0.10485,-0.10485,-0.10485,-0.10485,-0.10485,-0.10485,-0.10485,-0.10485,-0.10485
3,-0.26729,-0.26729,-0.26729,-0.26729,-0.26729,-0.26729,-0.26729,-0.26729,-0.26729,-0.26729,-0.26729,-0.26729,-0.26729,-0.26729
3,-0.27515,-0.27515,-0.27515,-0.27515,-0.27515,-0.27515,-0.27515,-0.27515,-0.27515,-0.27515,-0.27515,-0.27515,-0.27515,-0.27515
3,-0.38107,-0.38107,-0.38107,-0.38107,-0.38107,-0.38107,-0.38107,-0.38107,-0.38107,-0.38107,-0.38107,-0.38107,-0.38107,-0.38107
3,-0.26311,-0.26311,-0.26311,-0.26311,-0.26311,-0.26311,-0.26311,-0.26311,-0.26311,-0.26311,-0.26311,-0.26311,-0.26311,-0.26311
3,-0.1329,-0.1329,-0.1329,-0.1329,-0.1329,-0.1329,-0.1329,-0.1329,-0.1329,-0.1329,-0.1329,-0.1329,-0.1329,-0.1329
3,-0.32652,-0.32652,-0.32652,-0.32652,-0.32652,-0.32652,-0.32652,-0.32652,-0.32652,-0.32652,-0.32652,-0.32652,-0.32652,-0.32652
3,-0.11135,-0.11135,-0.11135,-0.11135,-0.11135,-0.11135,-0.11135,-0.11135,-0.11135,-0.11135,-0.11135,-0.11135,-0.11135,-0.11135
3,-0.21118,-0.21118,-0.21118,-0.21118,-0.21118,-0.21118,-0.21118,-0.21118,-0.21118,-0.21118,-0.21118,-0.21118,-0.21118,-0.21118
3,-0.38878,-0.38878,-0.38878,-0.38878,-0.38878,-0.38878,-0.38878,-0.38878,-0.38878,-0.38878,-0.38878,-0.38878,-0.38878,-0.38878
3,-0.14472,-0.14472,-0.14472,-0.14472,-0.14472,-0.14472,-0.14472,-0.14472,-0.14472,-0.14472,-0.14472,-0.14472,-0.14472,-0.14472
3,-0.081194,-0.081194,-0.081194,-0.081194,-0.081194,-0.081194,-0.081194,-0.081194,-0.081194,-0.081194,-0.081194,-0.081194,-0.081194,-0.081194
3,-0.31433,-0.31433,-0.31433,-0.31433,-0.31433,-0.31433,-0.31433,-0.31433,-0.31433,-0.31433,-0.31433,-0.31433,-0.31433,-0.31433
3,-0.24496,-0.24496,-0.24496,-0.24496,-0.24496,-0.24496,-0.24496,-0.24496,-0.24496,-0.24496,-0.24496,-0.24496,-0.24496,-0.24496
3,-0.1649,-0.1649,-0.1649,-0.1649,-0.1649,-0.1649,-0.1649,-0.1649,-0.1649,-0.1649,-0.1649,-0.1649,-0.1649,-0.1649
3,-0.1992,-0.1992,-0.1992,-0.1992,-0.1992,-0.1992,-0.1992,-0.1992,-0.1992,-0.1992,-0.1992,-0.1992,-0.1992,-0.1992
3,-0.31213,-0.31213,-0.31213,-0.31213,-0.31213,-0.31213,-0.31213,-0.31213,-0.31213,-0.31213,-0.31213,-0.31213,-0.31213,-0.31213
3,-0.19813,-0.19813,-0.19813,-0.19813,-0.19813,-0.19813,-0.19813,-0.19813,-0.19813,-0.19813,-0.19813,-0.19813,-0.19813,-0.19813
3,-0.84034,-0.84034,-0.84034,-0.84034,-0.84034,-0.84034,-0.84034,-0.84034,-0.84034,-0.84034,-0.84034,-0.84034,-0.84034,-0.84034
3,-0.7319,-0.7319,-0.7319,-0.7319,-0.7319,-0.7319,-0.7319,-0.7319,-0.7319,-0.7319,-0.7319,-0.7319,-0.7319,-0.7319
3,-0.69116,-0.86146,-0.86146,-0.86146,-0.86146,-0.86146,-0.86146,-0.86146,-0.86146,-0.86146,-0.86146,-0.86146,-0.86146,-0.86146
3,-0.34196,-0.34196,-0.34196,-0.34196,-0.34196,-0.34196,-0.34196,-0.34196,-0.34196,-0.34196,-0.34196,-0.34196,-0.34196,-0.34196
3,-0.79111,-0.79111,-0.79111,-0.79111,-0.79111,-0.79111,-0.79111,-0.79111,-0.79111,-0.79111,-0.79111,-0.79111,-0.79111,-0.79111
3,3.0869,3.0869,3.0869,3.0869,-0.40112,3.0869,3.0869,3.0869,3.0869,-0.40112,3.0869,3.0869,3.0869,3.0869
3,1.2845,1.2845,1.2845,1.2845,-0.7231,1.5075,1.5075,1.5075,1.5075,-0.7231,1.5075,1.5075,1.5075,1.5075
3,0.52132,0.52132,0.52132,0.52132,-1.9944,0.52132,0.52132,0.52132,0.52132,-1.9944,0.52132,0.52132,0.52132,0.52132
3,-0.91784,-0.91784,-0.91784,-0.91784,-0.91784,-0.91784,-0.91784,-0.91784,-0.91784,-0.91784,-0.91784,-0.91784,-0.91784,-0.91784
3,-0.24045,-0.24045,-0.24045,-0.24045,2.9656,-0.24045,-0.24045,-0.24045,-0.24045,6.1717,-0.24045,-0.24045,-0.24045,-0.24045
3,-0.34392,-0.34392,-0.34392,-0.34392,-0.34392,-0.34392,-0.34392,-0.34392,-0.34392,-0.34392,-0.34392,-0.34392,-0.34392,-0.34392
3,-1.5557,-1.5557,-1.5557,-1.5557,-1.5557,-1.5557,-1.5557,-1.5557,-1.5557,-1.5557,-1.5557,-1.5557,-1.5557,-1.5557
3,-1.7574,-1.7574,-1.7574,-1.7574,-1.7574,-1.7574,-1.7574,-1.7574,-1.7574,-1.7574,-1.7574,-1.7574,-1.7574,-1.7574
3,-0.53142,-0.53142,-0.53142,-0.53142,-0.53142,-0.53142,-0.53142,-0.53142,-0.53142,-0.53142,-0.53142,-0.53142,-0.53142,-0.53142
3,1.353,1.353,1.353,1.353,1.353,1.353,0.64141,1.353,1.353,1.353,1.353,1.353,1.353,1.353
3,-0.27295,-0.27295,-0.27295,-0.27295,-0.27295,-0.27295,-0.27295,-0.27295,-0.27295,-0.27295,-0.27295,-0.27295,-0.27295,-0.27295
3,-0.43983,-0.43983,-0.43983,-0.43983,-0.43983,-0.43983,-0.43983,-0.43983,-0.43983,-0.43983,-0.43983,-0.43983,-0.43983,-0.43983
3,-0.20262,-0.20262,-0.20262,-0.20262,-0.20262,-0.20262,-0.20262,-0.20262,-0.20262,-0.20262,-0.20262,-0.20262,-0.20262,-0.20262
3,-0.45799,-0.45799,-0.45799,-0.45799,-0.25494,-0.45799,-0.45799,-0.45799,-0.45799,-0.25494,-0.45799,-0.45799,-0.45799,-0.45799
3,-0.46652,-0.46652,-0.46652,-0.46652,-0.46652,-0.46652,-0.46652,-0.46652,-0.46652,-0.46652,-0.46652,-0.46652,-0.46652,-0.46652
3,-0.62994,-0.40271,-0.62994,-0.62994,-0.62994,-0.40271,-0.62994,-0.62994,-0.62994,-0.40271,-0.62994,-0.62994,-0.62994,-0.40271
3,-0.65929,-0.65929,-0.65929,-0.43983,-0.65929,-0.65929,-0.65929,-0.43983,-0.65929,-0.65929,-0.65929,-0.43983,-0.65929,-0.65929
3,-0.47952,-0.47952,-0.20287,-0.47952,-0.47952,-0.47952,-0.20287,-0.47952,-0.47952,-0.47952,-0.20287,-0.47952,-0.47952,-0.47952
3,-0.018501,-0.37853,-0.37853,-0.37853,-0.018501,-0.37853,-0.37853,-0.37853,-0.018501,-0.37853,-0.37853,-0.37853,-0.018501,-0.37853
3,2.078,2.078,2.5978,2.078,2.078,2.078,2.078,2.078,2.5978,2.078,1.5581,-0.26137,-0.5213,-0.26137
3,-0.7122,-0.7122,-0.7122,-0.4461,-0.7122,-0.7122,-0.7122,-0.7122,-0.7122,-0.7122,-0.7122,-0.7122,-0.7122,-0.7122
3,-0.32402,-0.32402,0.15016,-0.32402,-0.32402,-0.32402,-0.32402,-0.32402,-0.32402,-0.32402,-0.32402,-0.32402,-0.32402,0.15016
3,1.4158,1.4158,0.35061,-0.71454,-0.71454,-0.71454,-0.71454,-0.71454,-0.71454,-0.71454,-0.71454,-0.71454,-0.71454,-0.44825
3,-0.44938,-0.44938,-0.44938,-0.44938,-0.44938,-0.44938,-0.44938,-0.44938,-0.44938,-0.1037,-0.44938,-0.44938,-0.44938,-0.44938
3,-0.77995,-0.77995,-0.77995,-0.52306,-0.77995,-0.77995,-0.77995,-0.77995,-0.77995,-0.77995,-0.77995,-0.77995,-0.77995,-0.77995
3,-0.40943,-0.40943,-0.40943,-0.40943,-0.40943,-0.1308,-0.40943,-0.40943,-0.40943,-0.40943,-0.40943,-0.40943,-0.40943,-0.40943
3,-0.24274,-0.24274,-0.24274,-0.24274,-0.24274,-0.24274,-0.24274,0.22835,-0.24274,-0.24274,-0.24274,-0.24274,-0.24274,-0.24274
3,-0.54724,-0.54724,-0.54724,-0.54724,-0.54724,-0.54724,-0.54724,-0.54724,-0.54724,-0.54724,-0.54724,-0.54724,-0.31669,-0.54724
3,-0.14603,-0.14603,-0.14603,-0.14603,-0.14603,-0.14603,-0.14603,-0.14603,0.70878,-0.14603,-0.14603,-0.14603,-0.14603,-0.14603
3,-0.17384,-0.17384,-0.17384,-0.17384,-0.17384,0.46152,-0.17384,-0.17384,-0.17384,-0.17384,-0.17384,-0.17384,-0.17384,-0.17384
3,-0.31335,-0.31335,0.033212,-0.31335,-0.31335,-0.31335,-0.31335,-0.31335,0.033212,-0.31335,-0.31335,-0.31335,-0.31335,-0.31335
3,-0.25492,-0.25492,-0.25492,-0.25492,-0.25492,0.6448,-0.25492,-0.25492,-0.25492,-0.25492,0.6448,-0.25492,-0.25492,-0.25492
3,-0.32055,-0.32055,0.094552,-0.32055,-0.32055,-0.32055,-0.32055,0.094552,-0.32055,-0.32055,-0.32055,-0.32055,-0.32055,0.094552
3,-0.46229,-0.46229,-0.23632,-0.46229,-0.46229,-0.46229,-0.46229,-0.46229,-0.46229,-0.23632,-0.46229,-0.46229,-0.46229,-0.46229
3,2.0244,2.6652,2.0244,2.0244,2.0244,2.6652,2.0244,1.17,-0.11154,-0.32514,-0.53873,-0.32514,-0.32514,-0.53873
3,-0.81513,-0.81513,-0.81513,-0.81513,-0.81513,-0.81513,-0.81513,-0.81513,-0.81513,-0.81513,-0.81513,-0.81513,-0.81513,-0.81513
3,-0.25618,-0.25618,-0.25618,-0.25618,-0.25618,-0.25618,-0.25618,-0.25618,-0.25618,-0.25618,-0.25618,-0.25618,-0.25618,-0.25618
3,-0.58995,-0.58995,-0.40599,-0.22203,1.4336,1.9855,1.4336,1.4336,1.9855,1.4336,1.4336,1.9855,1.4336,1.4336
3,-1.1497,-1.1497,-1.1497,-1.1497,-1.1497,-1.1497,-1.1497,-1.1497,-1.1497,-1.1497,-1.1497,-1.1497,-1.1497,-1.1497
3,-0.34568,-0.34568,-0.34568,-0.34568,-0.34568,-0.34568,-0.34568,-0.34568,-0.34568,-0.34568,-0.34568,-0.34568,-0.34568,-0.34568
