8,-0.47882,-0.42896,-0.25793,-0.038054,0.20115,0.42949,0.68192,0.87661,1.0993,1.3471,1.4558,1.4066,1.3875,1.4631,1.489
8,-0.44372,-0.42411,-0.24807,-0.043407,0.22091,0.44405,0.68828,0.9425,1.0961,1.3641,1.4102,1.366,1.3998,1.4649,1.4358
4,-0.84557,-0.79535,-0.63638,-0.377,-0.11431,0.19334,0.52842,0.85491,1.1494,1.4517,1.5322,1.4974,1.5339,1.6094,1.5402
8,-0.46295,-0.40434,-0.23743,-0.011354,0.23428,0.50357,0.7447,0.88741,1.1188,1.3574,1.3764,1.3848,1.386,1.4626,1.3804
7,-0.80192,-0.71556,-0.48765,-0.20057,0.084579,0.33027,0.65066,0.94585,1.2736,1.3942,1.3576,1.3681,1.4558,1.5654,1.5147
4,-0.81886,-0.85928,-0.65384,-0.43079,-0.15554,0.18092,0.54657,0.85112,1.202,1.3644,1.4025,1.4272,1.4974,1.4922,1.4299
5,-0.8634,-0.84208,-0.67125,-0.37575,-0.037389,0.3015,0.67372,0.97773,1.2612,1.4508,1.4741,1.5095,1.6073,1.6718,1.5714
8,-0.4301,-0.37542,-0.27235,-0.054033,0.20097,0.45983,0.70657,0.95204,1.1329,1.3874,1.4441,1.4153,1.4393,1.4775,1.4437
8,-0.43999,-0.46151,-0.28841,-0.072015,0.17187,0.41171,0.64573,0.89596,1.1061,1.267,1.5125,1.4832,1.4413,1.4939,1.554
4,-0.38764,-0.48745,-0.34513,-0.10742,0.13244,0.41106,0.60473,0.87567,1.0588,1.22,1.2984,1.3244,1.3489,1.3279,1.1868
3,-0.43027,-0.4912,-0.35819,-0.17413,0.14096,0.46815,0.66773,0.88839,1.0774,1.2434,1.2932,1.3366,1.341,1.2903,1.2045
5,-0.79194,-0.70907,-0.51204,-0.25315,-0.005523,0.30375,0.6164,0.83403,1.1752,1.4782,1.4792,1.4315,1.4907,1.5195,1.5336
8,-0.4657,-0.42157,-0.28784,-0.067935,0.18261,0.41501,0.66801,0.92366,1.1516,1.3696,1.4402,1.4657,1.4254,1.4865,1.4731
8,-0.48848,-0.4353,-0.27999,-0.068578,0.19632,0.47372,0.75289,0.968,1.1909,1.3125,1.3348,1.3702,1.4878,1.4376,1.3552
6,-0.74154,-0.69253,-0.50136,-0.24637,0.032341,0.34275,0.676,0.93085,1.1391,1.3216,1.3915,1.4066,1.3847,1.4344,1.4119
3,-0.66738,-0.58622,-0.39794,-0.11326,0.12202,0.40446,0.68223,1.0118,1.198,1.3127,1.3518,1.3868,1.3342,1.2191,1.0652
3,-0.92396,-0.82427,-0.57729,-0.25755,0.044999,0.39359,0.73382,1.0937,1.3684,1.4147,1.398,1.3955,1.4861,1.556,1.4222
8,-0.40351,-0.40258,-0.30257,-0.068712,0.16714,0.44144,0.68948,0.94171,1.1541,1.4034,1.4017,1.3639,1.4212,1.505,1.4521
8,-0.40003,-0.38729,-0.27826,-0.095459,0.14943,0.38545,0.64743,0.91082,1.0988,1.2967,1.4824,1.4326,1.399,1.4457,1.506
5,-0.90618,-0.84182,-0.74138,-0.43839,-0.1262,0.20483,0.53607,0.8691,1.1568,1.4318,1.4203,1.3766,1.4112,1.457,1.5593
7,-0.45396,-0.38892,-0.28733,-0.031152,0.22648,0.4683,0.73513,0.98888,1.1931,1.4504,1.4688,1.4373,1.4985,1.5827,1.4909
3,-0.49488,-0.46588,-0.34032,-0.066607,0.22486,0.44202,0.67848,0.87369,1.0942,1.2429,1.3311,1.3366,1.3358,1.2855,1.2153
6,-0.72673,-0.63941,-0.44834,-0.17303,0.088638,0.42815,0.63644,0.83204,1.1354,1.2661,1.3175,1.2815,1.3516,1.3884,1.3191
4,-0.88775,-0.79495,-0.5776,-0.26102,0.059059,0.40095,0.75815,1.0653,1.3995,1.4306,1.3526,1.3619,1.418,1.5223,1.5185
4,-0.6899,-0.63349,-0.44579,-0.16916,0.12626,0.37992,0.61131,0.92899,1.1868,1.3798,1.3829,1.4226,1.4454,1.4862,1.4099
5,-0.7832,-0.71438,-0.63029,-0.3704,-0.093121,0.22428,0.47229,0.80218,1.0838,1.446,1.474,1.3957,1.4034,1.4925,1.5653
8,-0.44126,-0.39915,-0.24504,-0.035219,0.21893,0.46789,0.71104,0.95137,1.1794,1.3769,1.3716,1.3588,1.415,1.4696,1.4147
5,-0.66735,-0.55681,-0.38852,-0.13824,0.13636,0.44923,0.6745,0.90456,1.1637,1.3817,1.4218,1.4498,1.4498,1.3829,1.2581
8,-0.46127,-0.38879,-0.23117,0.022707,0.24646,0.49881,0.76286,0.97907,1.1893,1.4069,1.436,1.3859,1.4669,1.5153,1.4401
3,-0.40334,-0.52299,-0.36966,-0.16239,0.1015,0.40596,0.5363,0.72986,1.0555,1.144,1.2458,1.2835,1.1921,1.1361,0.91988
8,-0.26593,-0.26208,-0.19525,-0.025767,0.14244,0.33277,0.58441,0.83867,1.1075,1.2895,1.5303,1.6498,1.5909,1.5606,1.6429
5,-0.92475,-0.83518,-0.62855,-0.32428,0.015927,0.34121,0.6342,0.8929,1.2803,1.445,1.3566,1.3975,1.4762,1.6117,1.5512
8,-0.49899,-0.47328,-0.31304,-0.11394,0.13791,0.4065,0.66965,0.92282,1.1425,1.4107,1.4659,1.4441,1.4453,1.5284,1.4569
8,-0.42715,-0.43249,-0.27391,-0.038719,0.22942,0.47843,0.70422,0.94069,1.1652,1.4196,1.454,1.4679,1.405,1.4884,1.5218
4,-0.71675,-0.65605,-0.5086,-0.30177,-0.018828,0.29687,0.63336,0.98287,1.161,1.4311,1.4503,1.393,1.4141,1.5023,1.558
6,-0.64657,-0.66315,-0.48962,-0.24371,0.078118,0.37134,0.60016,0.83672,1.156,1.3744,1.4384,1.4702,1.5033,1.5459,1.4675
8,-0.4393,-0.39212,-0.26918,-0.041327,0.20877,0.46732,0.71299,0.95411,1.1544,1.3431,1.4882,1.4135,1.3618,1.4465,1.5376
8,-0.47143,-0.45194,-0.26081,-0.083399,0.17079,0.46082,0.71244,0.94173,1.1118,1.3136,1.4453,1.4317,1.4286,1.4859,1.5017
6,-0.75134,-0.75624,-0.5644,-0.29955,0.008571,0.3328,0.64293,0.97513,1.1712,1.4494,1.5238,1.3992,1.3675,1.4487,1.5831
5,-0.84441,-0.7612,-0.52799,-0.24516,0.057587,0.37624,0.71745,1.0716,1.3272,1.4829,1.3819,1.3504,1.4126,1.5106,1.5675
8,-0.44161,-0.42687,-0.241,-0.032764,0.22391,0.48879,0.68954,0.94856,1.104,1.3409,1.4445,1.454,1.4646,1.4453,1.4846
5,-0.72137,-0.6702,-0.45435,-0.20406,0.047851,0.32844,0.63732,0.88353,1.082,1.19,1.2266,1.3314,1.4172,1.3675,1.2664
8,-0.49327,-0.46488,-0.27012,-0.10721,0.11087,0.40729,0.66321,0.91367,1.0891,1.318,1.4556,1.4761,1.4445,1.5365,1.5424
7,-0.80724,-0.7497,-0.5832,-0.32167,-0.0055994,0.32129,0.65252,0.95924,1.1992,1.4852,1.4798,1.423,1.4619,1.5991,1.592
4,-0.80375,-0.67459,-0.60699,-0.35259,-0.031992,0.25112,0.55688,0.83142,1.1733,1.3622,1.4057,1.3717,1.4085,1.4891,1.5801
5,-0.7324,-0.76473,-0.62522,-0.47285,-0.21868,0.09557,0.39584,0.63952,0.97959,1.2195,1.5327,1.514,1.42,1.4185,1.5146
8,-0.43013,-0.45327,-0.31726,-0.137,0.12522,0.38414,0.62827,0.88151,1.1073,1.3807,1.5159,1.4706,1.4383,1.5036,1.5393
8,-0.46955,-0.45489,-0.26118,-0.099415,0.17189,0.45386,0.699,0.93663,1.1336,1.3394,1.4161,1.3902,1.4476,1.4929,1.4383
5,-0.75653,-0.70873,-0.58288,-0.32882,-0.025977,0.25599,0.57149,0.90123,1.1471,1.3938,1.4129,1.407,1.4358,1.4778,1.5053
3,-0.62963,-0.55902,-0.51178,-0.26804,0.01252,0.24066,0.52725,0.81262,1.1375,1.3694,1.4452,1.4327,1.4883,1.4679,1.3981
3,-0.58853,-0.51646,-0.37141,-0.12227,0.14438,0.37163,0.57681,0.84514,1.1982,1.3615,1.3607,1.3611,1.3999,1.4691,1.3696
7,-0.78811,-0.71203,-0.51291,-0.24042,0.025709,0.35139,0.66468,0.896,1.1662,1.378,1.4353,1.4666,1.4969,1.5606,1.4783
4,-0.56541,-0.48938,-0.3172,-0.081698,0.21857,0.47124,0.69505,1.0144,1.1751,1.2236,1.2954,1.2901,1.248,1.1486,0.98015
8,-0.45704,-0.37868,-0.19677,0.0082905,0.26206,0.53513,0.75921,0.93996,1.1671,1.3985,1.4006,1.3425,1.3619,1.413,1.4443
4,-0.59418,-0.55387,-0.45171,-0.21975,0.048956,0.35301,0.58156,0.91943,1.1768,1.3246,1.369,1.3836,1.3917,1.4506,1.3574
5,-0.69172,-0.63099,-0.43485,-0.15538,0.13295,0.40548,0.67908,0.97778,1.2013,1.3883,1.4462,1.4545,1.4715,1.4614,1.3834
8,-0.46074,-0.3981,-0.22419,-0.030233,0.21474,0.45909,0.69876,0.91866,1.1358,1.3541,1.4114,1.4263,1.3763,1.4111,1.4708
3,-0.38844,-0.426,-0.31458,-0.12079,0.099379,0.23596,0.56034,0.88019,0.97614,1.1017,1.2062,1.2841,1.2111,1.1777,1.1087
8,-0.43547,-0.43823,-0.31654,-0.067631,0.18463,0.44457,0.65673,0.9572,1.1328,1.3366,1.3842,1.3771,1.44,1.4592,1.3769
4,-0.72526,-0.6732,-0.47726,-0.2328,0.031789,0.33882,0.67152,0.90964,1.1522,1.3971,1.4395,1.3877,1.3915,1.4097,1.5188
8,-0.45492,-0.39162,-0.21589,0.019738,0.27702,0.53595,0.77978,1.0058,1.2261,1.4189,1.4385,1.3877,1.4238,1.4474,1.4136
8,-0.44321,-0.44239,-0.31423,-0.089545,0.16116,0.44277,0.69464,0.96063,1.1641,1.3573,1.454,1.4283,1.3905,1.4827,1.4747
4,-0.55135,-0.56164,-0.39624,-0.14478,0.15717,0.38882,0.61672,0.89201,1.187,1.3379,1.3477,1.3307,1.4441,1.4757,1.3657
5,-0.52663,-0.49787,-0.37585,-0.14507,0.1722,0.31304,0.54804,0.84905,1.056,1.2206,1.2466,1.2588,1.3324,1.3215,1.2764
8,-0.44224,-0.43711,-0.27312,-0.041209,0.19516,0.45785,0.71685,0.95955,1.1522,1.3807,1.43,1.4342,1.4418,1.4959,1.4302
4,-0.69147,-0.60516,-0.41644,-0.14199,0.15451,0.41864,0.71222,1.0055,1.1352,1.2309,1.2853,1.3126,1.3584,1.3397,1.1139
3,-0.72564,-0.65059,-0.47467,-0.24101,0.036505,0.32533,0.54771,0.86144,1.1069,1.3616,1.4371,1.459,1.4764,1.5296,1.4511
3,-0.63235,-0.54702,-0.39503,-0.13307,0.1798,0.45052,0.69423,0.91011,1.1371,1.2996,1.3399,1.3836,1.3626,1.3324,1.1621
5,-0.87165,-0.80308,-0.62876,-0.3571,-0.029568,0.3266,0.65966,0.98903,1.2798,1.3992,1.391,1.3314,1.4049,1.5259,1.4427
4,-0.85902,-0.77745,-0.54431,-0.2574,0.069437,0.31219,0.60625,0.96739,1.3246,1.4107,1.4068,1.4469,1.4899,1.5417,1.4355
4,-0.74332,-0.66198,-0.51842,-0.26524,0.013064,0.32269,0.65094,0.85917,1.1245,1.2685,1.3234,1.336,1.4173,1.4345,1.2451
4,-0.71082,-0.71233,-0.5603,-0.30655,0.0047867,0.34171,0.69349,1.0288,1.213,1.2303,1.2052,1.2616,1.3323,1.3697,1.2142
8,-0.36334,-0.38158,-0.24816,-0.03901,0.18653,0.41608,0.66366,0.91286,1.0646,1.3053,1.4283,1.4047,1.4096,1.4839,1.4757
4,-0.74041,-0.72994,-0.56262,-0.27563,0.048641,0.351,0.63645,0.95959,1.2035,1.388,1.4196,1.474,1.5253,1.5534,1.4602
3,-0.50728,-0.4066,-0.34835,-0.11713,0.1644,0.40976,0.58268,0.88764,1.0851,1.1826,1.3077,1.247,1.1923,1.1244,0.98071
5,-0.85034,-0.74929,-0.61018,-0.32013,-0.0076185,0.33345,0.67588,0.91533,1.1874,1.4711,1.4871,1.4327,1.5014,1.62,1.645
3,-0.50109,-0.4433,-0.37633,-0.15396,0.049359,0.37244,0.57247,0.79576,0.99097,1.1931,1.3159,1.4187,1.4256,1.3607,1.309
7,-0.8809,-0.83258,-0.63376,-0.34734,-0.0080339,0.31791,0.58548,0.88498,1.1235,1.4149,1.5241,1.4245,1.3729,1.4745,1.6098
8,-0.45109,-0.46526,-0.29616,-0.046507,0.20542,0.44353,0.64844,0.91818,1.0744,1.3383,1.4684,1.4451,1.3715,1.409,1.518
8,-0.42573,-0.37339,-0.20564,0.01066,0.26218,0.51566,0.7718,0.99968,1.1552,1.3677,1.4062,1.3997,1.407,1.4484,1.3076
3,-0.51526,-0.4568,-0.39244,-0.22145,0.056084,0.31127,0.50758,0.76244,1.012,1.1525,1.2032,1.2412,1.2758,1.1767,1.1091
8,-0.44997,-0.38187,-0.29313,-0.058052,0.18578,0.46049,0.67908,0.89838,1.0903,1.3584,1.3907,1.3703,1.402,1.465,1.3878
8,-0.43718,-0.36639,-0.28304,-0.054918,0.19197,0.47745,0.70451,0.95328,1.1293,1.3821,1.4415,1.4018,1.3511,1.4791,1.4973
4,-0.5379,-0.47114,-0.32419,-0.078717,0.15683,0.40488,0.58411,0.81764,1.061,1.1994,1.2722,1.296,1.3122,1.2218,1.1611
8,-0.41599,-0.4175,-0.26175,-0.05242,0.18441,0.44333,0.70356,0.90599,1.0839,1.2985,1.4696,1.4461,1.3938,1.4565,1.5446
8,-0.42702,-0.4084,-0.32078,-0.084605,0.20037,0.4554,0.73869,0.94821,1.144,1.3488,1.474,1.4336,1.4009,1.4905,1.51
8,-0.42293,-0.39262,-0.27044,-0.043433,0.17132,0.45121,0.67922,0.90891,1.0939,1.2942,1.3609,1.409,1.4062,1.4563,1.4135
8,-0.48081,-0.43882,-0.27296,-0.091744,0.15309,0.40667,0.67201,0.9297,1.1785,1.4278,1.4985,1.4514,1.454,1.5335,1.5734
8,-0.40513,-0.42089,-0.28694,-0.12435,0.1534,0.42597,0.67048,0.87126,1.0659,1.3352,1.4635,1.4056,1.3639,1.47,1.525
6,-0.53154,-0.48704,-0.34296,-0.09415,0.16488,0.34734,0.57282,0.89793,1.1958,1.3,1.3184,1.3354,1.3081,1.3575,1.2841
8,-0.42019,-0.42119,-0.32912,-0.09921,0.16378,0.42184,0.67819,0.93577,1.0892,1.3148,1.5561,1.4875,1.3938,1.3623,1.4458
4,-0.61887,-0.6517,-0.51293,-0.26934,-0.0069077,0.2923,0.52444,0.85931,1.1093,1.3214,1.481,1.4678,1.3739,1.4064,1.4982
6,-0.54461,-0.4926,-0.35493,-0.13905,0.11602,0.376,0.53456,0.81451,1.1414,1.3035,1.3471,1.412,1.3964,1.416,1.3548
8,-0.52819,-0.45074,-0.27352,-0.042135,0.21033,0.48112,0.7284,0.97676,1.165,1.385,1.478,1.4658,1.4773,1.5332,1.4737
8,-0.45745,-0.38262,-0.20651,0.037331,0.29538,0.55641,0.79578,1.0056,1.2256,1.368,1.3564,1.341,1.4218,1.4935,1.3677
8,-0.48535,-0.41463,-0.28902,-0.049146,0.20696,0.44896,0.68304,0.92553,1.1027,1.3079,1.4361,1.4249,1.4081,1.4249,1.4019
8,-0.47285,-0.42282,-0.27238,-0.044345,0.2141,0.46481,0.71142,0.98587,1.1575,1.4095,1.4676,1.4086,1.435,1.4875,1.4094
8,-0.52595,-0.4749,-0.29179,-0.062398,0.17807,0.43067,0.67814,0.92208,1.1686,1.3886,1.4407,1.4765,1.4641,1.5435,1.4482
4,-0.64447,-0.58256,-0.42399,-0.1311,0.13514,0.45247,0.67748,1.0614,1.3003,1.2308,1.2345,1.2716,1.3494,1.4727,1.4143
3,-0.4757,-0.39979,-0.22201,0.020858,0.23705,0.51761,0.73176,1.0106,1.1529,1.2203,1.3113,1.348,1.3418,1.2753,1.2331
7,-0.91293,-0.79104,-0.55407,-0.28096,-0.0032128,0.32392,0.65295,0.99999,1.2587,1.5962,1.516,1.426,1.4801,1.5767,1.6145
3,-0.60633,-0.49681,-0.32492,-0.067942,0.20023,0.44349,0.70726,0.98515,1.0898,1.2174,1.2612,1.2715,1.2271,1.163,0.98629
4,-0.7498,-0.75419,-0.54593,-0.28033,-0.0042468,0.3396,0.67049,1.01,1.2479,1.3254,1.3448,1.3682,1.4129,1.4174,1.2929
4,-0.78235,-0.74508,-0.54531,-0.30793,0.024727,0.36826,0.68789,1.0589,1.2838,1.3045,1.2609,1.295,1.3708,1.4321,1.3217
5,-0.60688,-0.58624,-0.45722,-0.25335,0.02475,0.33515,0.56469,0.77289,1.0783,1.3339,1.4287,1.4606,1.4491,1.4414,1.3798
3,-0.58306,-0.52417,-0.38573,-0.14837,0.13127,0.41688,0.70329,0.97139,1.1181,1.1989,1.2665,1.2882,1.2797,1.2361,1.1063
6,-0.59416,-0.54583,-0.37262,-0.18496,0.1127,0.41278,0.62333,0.87237,1.1354,1.3123,1.3501,1.3748,1.3703,1.4119,1.3782
5,-0.77553,-0.71772,-0.58874,-0.33024,-0.041377,0.28065,0.61668,0.94208,1.2855,1.4886,1.4757,1.463,1.4582,1.4959,1.5969
4,-0.59487,-0.57429,-0.37209,-0.16279,0.14386,0.40709,0.67544,0.9274,1.0984,1.2344,1.3152,1.3469,1.297,1.2345,1.1167
6,-0.70626,-0.65504,-0.4613,-0.20249,0.10603,0.33928,0.64573,0.97172,1.3203,1.3267,1.3375,1.3206,1.4062,1.5084,1.4193
6,-0.78416,-0.824,-0.60693,-0.31843,-0.014911,0.31703,0.63445,0.90187,1.2049,1.4459,1.474,1.433,1.444,1.5799,1.6332
3,-0.6205,-0.63234,-0.47193,-0.25204,-0.029957,0.22992,0.479,0.74917,0.93476,1.186,1.4026,1.3831,1.4378,1.4865,1.4395
6,-0.97809,-0.87446,-0.63213,-0.31629,-0.01341,0.30614,0.6496,0.89929,1.1341,1.4814,1.4824,1.4218,1.4283,1.5043,1.6082
3,-0.63871,-0.5711,-0.39151,-0.16328,0.13268,0.36323,0.58694,0.92089,1.1397,1.2836,1.2864,1.3328,1.3261,1.2676,1.1896
4,-0.64946,-0.56759,-0.39323,-0.13629,0.14986,0.48584,0.6774,0.95341,1.1833,1.3863,1.4087,1.3562,1.3848,1.4551,1.4216
5,-0.73225,-0.69946,-0.50796,-0.23939,0.077966,0.3685,0.55902,0.87092,1.1786,1.4152,1.4341,1.4091,1.4299,1.4895,1.5475
4,-0.72047,-0.62856,-0.44013,-0.19902,0.077638,0.40328,0.67884,1.0045,1.2422,1.3804,1.4135,1.3889,1.4382,1.4081,1.2693
7,-0.67664,-0.61906,-0.54307,-0.30178,0.01947,0.314,0.51729,0.72848,1.0592,1.3773,1.428,1.4072,1.4242,1.4522,1.459
3,-0.86055,-0.81152,-0.65208,-0.37032,-0.065965,0.27328,0.65511,0.98608,1.2903,1.5066,1.4566,1.3722,1.4104,1.5343,1.6917
5,-0.75582,-0.6696,-0.48834,-0.21799,0.098571,0.33141,0.58164,0.92142,1.232,1.413,1.4314,1.4555,1.5169,1.4914,1.3275
5,-0.89694,-0.80694,-0.62837,-0.34267,-0.052463,0.26886,0.59704,0.87272,1.1382,1.4296,1.4259,1.3962,1.4645,1.5438,1.5681
7,-0.75192,-0.74863,-0.53473,-0.37019,-0.1331,0.21739,0.46804,0.75295,1.065,1.3425,1.5103,1.5124,1.52,1.5588,1.5844
5,-0.81033,-0.76712,-0.55091,-0.30967,-0.0099926,0.3122,0.63361,0.94093,1.2273,1.4884,1.4991,1.4164,1.4937,1.6236,1.6103
5,-0.76002,-0.6804,-0.53456,-0.26036,0.069141,0.37681,0.70152,0.9714,1.2438,1.3942,1.4247,1.432,1.4569,1.5356,1.5466
4,-0.678,-0.69718,-0.50225,-0.29394,-0.0033187,0.29239,0.56071,0.77266,1,1.2806,1.3347,1.3716,1.4044,1.4419,1.406
4,-0.7801,-0.80769,-0.60495,-0.43489,-0.16174,0.17051,0.50212,0.80194,1.0647,1.3815,1.415,1.3602,1.4125,1.5049,1.4915
5,-0.90283,-0.83528,-0.65562,-0.36072,-0.020669,0.26218,0.53508,0.82393,1.0834,1.3819,1.5704,1.4792,1.4292,1.4862,1.6061
3,-0.53302,-0.56099,-0.46925,-0.23551,0.031588,0.33025,0.53637,0.77775,1.0312,1.2934,1.3909,1.4026,1.4505,1.4905,1.453
5,-0.49724,-0.56614,-0.40874,-0.18845,0.088237,0.38801,0.59802,0.88851,1.1366,1.2894,1.3575,1.4048,1.3965,1.3702,1.2818
4,-0.5542,-0.48828,-0.37222,-0.12499,0.16997,0.40638,0.6353,0.91142,1.1485,1.251,1.33,1.303,1.35,1.299,1.1991
3,-0.77673,-0.67862,-0.57379,-0.30472,0.0064751,0.32939,0.53486,0.87508,1.0791,1.3353,1.4893,1.4556,1.4984,1.5546,1.5337
4,-0.72388,-0.744,-0.55189,-0.29309,0.0075021,0.33261,0.6668,0.91503,1.1984,1.3773,1.3999,1.3766,1.4225,1.5242,1.5051
7,-0.47877,-0.44109,-0.31901,-0.12402,0.14864,0.40876,0.71744,0.98291,1.1671,1.4009,1.4752,1.4582,1.5024,1.578,1.5069
6,-0.68795,-0.64332,-0.45842,-0.21186,0.084291,0.36849,0.59411,0.83892,1.1711,1.424,1.4724,1.5052,1.4942,1.5292,1.4697
3,-0.68379,-0.61888,-0.41649,-0.15221,0.13804,0.40183,0.60255,0.86791,1.1023,1.3071,1.3309,1.4239,1.4118,1.3986,1.2437
4,-0.58386,-0.50427,-0.31552,-0.032357,0.15071,0.36622,0.60481,0.84768,1.0706,1.1734,1.258,1.2604,1.3792,1.3292,1.2579
4,-0.58335,-0.54051,-0.35332,-0.12183,0.16517,0.41406,0.60439,0.80198,1.1045,1.2121,1.3382,1.3828,1.3981,1.3199,1.2083
4,-0.8251,-0.80186,-0.62913,-0.35665,-0.039847,0.2604,0.56497,0.90884,1.1514,1.4071,1.5439,1.4418,1.4618,1.4959,1.5599
4,-0.57983,-0.53763,-0.38862,-0.15394,0.091951,0.29461,0.56377,0.82248,1.0825,1.2536,1.2444,1.2912,1.3163,1.3802,1.194
4,-0.53512,-0.4819,-0.30802,-0.048516,0.20398,0.46078,0.68346,0.90405,1.0762,1.2328,1.2533,1.2648,1.312,1.3491,1.3318
4,-0.66664,-0.61088,-0.41967,-0.1963,0.11184,0.40704,0.65505,0.90948,1.2095,1.3582,1.4113,1.4655,1.4387,1.411,1.2878
3,-0.64595,-0.57861,-0.39851,-0.13141,0.12376,0.42803,0.73743,0.99906,1.2733,1.4386,1.4517,1.4993,1.4758,1.5199,1.3987
4,-0.87915,-0.81625,-0.60546,-0.33622,-0.029839,0.3128,0.6308,0.99032,1.2624,1.5097,1.5111,1.4129,1.4675,1.562,1.6219
3,-0.3518,-0.44204,-0.30976,-0.091665,0.043935,0.34621,0.49648,0.64993,1.0277,1.1681,1.2867,1.3573,1.355,1.3553,1.2936
4,-0.65754,-0.59246,-0.4843,-0.23359,0.068278,0.37824,0.73207,1.0125,1.3068,1.4314,1.4281,1.4007,1.414,1.4821,1.4925
4,-0.84473,-0.76296,-0.57466,-0.28955,0.0087801,0.3411,0.68123,0.95757,1.2079,1.4672,1.475,1.4219,1.4337,1.5007,1.4892
4,-0.54942,-0.53962,-0.39437,-0.15158,0.16455,0.36454,0.5722,0.93013,1.122,1.241,1.3294,1.3647,1.3598,1.3395,1.1856
4,-0.7068,-0.65799,-0.51166,-0.21736,0.070642,0.26622,0.49489,0.83284,1.0551,1.2815,1.4018,1.473,1.4729,1.4709,1.3979
4,-0.83468,-0.80272,-0.56459,-0.30423,0.025069,0.28702,0.61825,0.92165,1.1972,1.4071,1.3792,1.3688,1.4851,1.6145,1.5518
4,-0.78154,-0.73612,-0.56959,-0.37779,-0.073121,0.27023,0.59351,0.95044,1.2558,1.4635,1.453,1.4135,1.4527,1.5819,1.5621
4,-0.64269,-0.58976,-0.42361,-0.18165,0.09198,0.3956,0.71839,0.9648,1.2237,1.4502,1.4469,1.4024,1.4343,1.5306,1.5472
3,-0.71118,-0.62322,-0.47361,-0.24186,0.048097,0.33537,0.63378,0.95429,1.245,1.3954,1.42,1.4364,1.4595,1.4592,1.387
4,-0.53293,-0.50118,-0.43716,-0.18876,-0.0024208,0.2681,0.57637,0.83702,1.067,1.1917,1.3268,1.3706,1.4129,1.3837,1.3454
4,-0.55979,-0.55556,-0.37969,-0.13917,0.14605,0.42551,0.70283,0.94577,1.1443,1.2798,1.35,1.4072,1.391,1.3239,1.2013
