1,1.0285,1.3037,1.0285,1.0285,1.0285,1.3037,1.0285,1.0285,1.0285,1.0285,1.0285,1.0285
1,0.89509,0.89509,0.89509,0.62006,0.89509,0.89509,0.89509,0.89509,0.89509,0.89509,0.89509,0.62006
1,-0.81336,-0.81336,-0.81336,-0.81336,-0.81336,-0.81336,-0.81336,-0.81336,-0.81336,-0.81336,-0.81336,-0.81336
1,0.82437,1.0936,0.82437,1.0936,0.82437,1.0936,0.82437,0.82437,1.0936,0.82437,0.82437,0.82437
1,-1.3906,-1.3906,-1.3906,-1.3906,-1.3906,-1.3906,-1.3906,-0.62797,1.0497,1.0497,1.0497,0.74469
1,-0.68612,-0.68612,-0.68612,-0.68612,-0.68612,-0.68612,-0.68612,-0.68612,-0.68612,-0.68612,-0.68612,-0.68612
1,-0.69541,-0.69541,-0.69541,-0.69541,-0.69541,-0.69541,-0.69541,-0.69541,-0.69541,-0.69541,-0.69541,-0.69541
1,1.7612,1.7612,0.34452,-0.59993,-0.66739,-0.66739,-0.66739,-0.66739,-0.66739,-0.66739,-0.66739,-0.66739
1,-0.70967,-0.70967,-0.70967,-0.70967,-0.70967,-0.70967,-0.70967,-0.70967,-0.70967,-0.70967,-0.70967,-0.70967
1,-0.72921,-0.72921,-0.72921,-0.72921,-0.72921,-0.72921,-0.72921,-0.72921,-0.72921,-0.72921,-0.72921,-0.72921
1,0.70577,1.6345,1.6345,1.6345,1.6345,1.6345,1.6345,1.6345,1.4023,0.0091909,-0.62934,-0.68739
1,1.3418,1.3418,1.3418,1.3418,1.3418,1.3418,1.3418,1.1383,1.3418,0.37489,-0.69381,-0.69381
1,1.67,1.67,1.67,1.67,1.67,1.67,1.67,1.67,1.2001,-0.62075,-0.67948,-0.67948
1,-0.69872,-0.69872,-0.69872,-0.69872,-0.69872,-0.69872,-0.69872,0.16716,1.8989,1.6103,1.6103,1.3794
1,-0.64939,-0.64939,-0.64939,-0.64939,-0.64939,-0.64939,-0.64939,-0.64939,-0.10854,1.514,1.514,1.514
1,-0.73628,-0.73628,-0.73628,-0.73628,-0.73628,-0.73628,-0.73628,-0.73628,-0.73628,-0.73628,-0.73628,-0.73628
1,-0.59475,-0.59475,-0.59475,-0.59475,-0.59475,-0.59475,-0.59475,-0.59475,-0.59475,-0.59475,-0.59475,-0.59475
1,-0.71516,-0.71516,-0.71516,-0.71516,-0.71516,-0.71516,-0.71516,-0.71516,-0.71516,-0.71516,-0.71516,-0.71516
1,1.2745,1.2745,1.2745,1.0102,1.2745,1.2745,1.2745,1.0102,1.2745,1.2745,1.0102,1.2745
1,0.7322,0.96091,0.96091,0.96091,0.96091,0.96091,0.7322,0.96091,0.96091,0.7322,0.96091,0.96091
1,0.30297,0.30297,0.30297,0.51713,0.30297,0.30297,0.30297,0.30297,0.30297,0.73128,0.73128,0.94544
1,0.46666,0.46666,0.25,0.46666,0.25,0.25,0.46666,0.25,0.25,0.46666,0.25,0.25
1,-1.4753,-1.5188,-1.4753,-0.86703,0.65376,0.65376,0.65376,0.4365,0.65376,0.4365,0.65376,0.4365
1,-1.4107,-1.4107,-1.4107,-1.4107,-1.3673,-1.3673,0.72023,0.93768,0.93768,0.93768,0.72023,0.93768
1,0.76058,0.54986,0.76058,0.76058,0.33914,0.33914,0.12842,0.33914,0.12842,0.12842,0.12842,0.12842
1,0.26451,0.26451,0.26451,0.26451,-0.73347,1.6783,1.6783,1.6783,1.6783,-0.56714,-0.31764,-0.31764
1,-0.75634,-0.75634,-0.75634,-0.75634,-0.75634,0.40193,0.40193,0.40193,0.40193,-0.66724,1.9166,1.9166
1,1.9174,1.9174,1.9174,1.9174,-0.49066,-0.13391,-0.13391,-0.13391,-0.13391,-0.75823,-0.75823,-0.75823
1,-0.7692,-0.7692,-0.7692,-0.7692,-0.7692,-0.43984,-0.43984,-0.43984,-0.43984,-0.43984,1.701,1.701
1,-0.071719,-0.071719,-0.071719,-0.071719,-0.77788,1.8702,1.8702,1.8702,1.8702,-0.51307,0.016551,0.016551
1,-0.97913,-0.97913,-0.97913,-0.97913,-0.97913,-0.97913,-0.97913,-0.97913,0.63439,1.1722,1.1722,1.1722
1,0.90473,1.172,0.90473,0.90473,0.90473,1.172,0.90473,0.90473,0.90473,0.90473,1.172,0.90473
1,0.98283,0.98283,1.2545,0.98283,0.98283,0.98283,0.98283,0.98283,0.98283,-0.71496,-0.9187,-0.9187
1,1.2669,1.2669,1.2669,0.99741,1.2669,1.2669,0.99741,1.2669,0.99741,0.99741,1.2669,0.99741
1,1.2766,1.2766,1.2766,1.2766,1.2766,1.2766,1.0063,1.2766,1.0063,1.2766,1.0063,1.0063
1,0.8397,0.8397,0.8397,0.8397,-1.3424,0.93889,0.93889,0.93889,0.93889,-1.2928,-0.89604,-0.89604
1,1.143,1.143,1.143,1.143,-1.201,1.143,1.143,1.143,1.143,-1.201,1.0453,1.0453
1,0.77668,0.77668,0.77668,0.77668,0.77668,0.77668,0.77668,0.77668,0.77668,0.77668,0.77668,0.77668
1,1.0423,1.0423,1.0423,1.0423,-1.3264,0.94155,0.94155,0.94155,0.94155,-1.3264,0.94155,0.94155
1,-0.44109,-0.44109,-0.44109,-0.44109,-1.0433,-0.84258,-0.84258,-0.84258,-0.84258,-1.1939,-0.94296,-0.94296
1,-0.6282,-0.6282,-0.6282,-0.6282,-0.6282,-0.6282,-0.6282,-0.6282,-0.6282,-0.6282,-0.6282,-0.6282
1,-0.56604,-0.62313,-0.62313,-0.62313,-0.62313,-0.62313,-0.62313,-0.62313,-0.62313,-0.62313,-0.62313,-0.62313
1,0.38792,-0.6404,-0.6404,-0.6404,-0.6404,-0.6404,-0.6404,-0.6404,-0.6404,-0.6404,-0.6404,-0.6404
1,-0.38734,-0.6174,-0.6174,-0.6174,-0.6174,-0.6174,-0.6174,-0.6174,-0.6174,-0.6174,-0.6174,-0.6174
1,-0.64862,-0.64862,-0.64862,-0.64862,-0.64862,-0.64862,-0.64862,-0.64862,-0.64862,0.74197,1.669,1.669
1,1.8581,2.1667,1.8581,-0.37959,-0.53391,-0.53391,-0.61107,-0.53391,-0.61107,-0.53391,-0.53391,-0.53391
1,1.2601,2.1875,2.1875,1.0282,-0.51749,-0.59477,-0.51749,-0.51749,-0.59477,-0.51749,-0.51749,-0.59477
1,-0.56106,-0.4796,-0.4796,-0.56106,-0.4796,-0.4796,-0.56106,-0.4796,-0.56106,-0.4796,-0.4796,-0.56106
1,-0.51287,-0.51287,-0.59172,-0.51287,-0.51287,-0.59172,-0.51287,-0.51287,-0.59172,-0.51287,1.6161,1.9316
1,-0.5584,-0.47658,-0.47658,-0.5584,-0.47658,-0.5584,-0.47658,-0.47658,-0.5584,-0.47658,-0.47658,-0.5584
1,-0.74203,-0.74203,-0.74203,-0.74203,-0.74203,-0.74203,-0.74203,-0.74203,-0.74203,0.86615,1.5554,1.3256
1,-0.66917,-0.66917,-0.66917,-0.26218,1.7727,1.7727,1.7727,1.7727,1.2301,-0.39785,-0.53351,-0.53351
1,-0.76256,-0.76256,-0.30787,1.2836,1.2836,1.2836,0.82887,-0.53522,-0.70573,-0.64889,-0.64889,-0.70573
1,1.4042,1.4042,1.4042,1.4042,1.1692,-0.47591,-0.59342,-0.59342,-0.65218,-0.59342,-0.71093,-0.71093
1,1.3455,1.3455,-0.61557,-0.67325,-0.61557,-0.61557,-0.67325,-0.73093,-0.73093,-0.73093,-0.73093,-0.73093
1,0.40314,0.40314,0.70401,0.40314,0.40314,0.40314,0.40314,0.70401,0.40314,0.40314,0.40314,0.40314
1,-2.3109,-2.3109,-2.3109,-2.3109,0.58968,1.0429,1.0429,0.58968,1.0429,0.58968,0.58968,0.58968
1,-1.5639,-1.5639,-1.5639,-1.5639,-1.5639,-1.7078,-1.5639,-1.5639,-1.5639,0.73862,1.0984,1.0984
1,0.39663,0.68922,0.39663,0.68922,0.39663,0.39663,0.68922,0.39663,0.39663,0.68922,0.39663,0.39663
1,0.4189,0.4189,0.4189,0.4189,0.4189,0.4189,-1.7554,-1.9107,-1.7554,-1.7554,-1.7554,-1.7554
1,1.2907,1.2907,1.2907,1.2907,1.2907,1.2907,1.2907,0.11131,-0.73109,-0.73109,-0.73109,-0.73109
1,-0.72312,-0.72312,-0.72312,-0.72312,-0.72312,-0.72312,-0.72312,0.71002,1.6654,1.4266,1.6654,1.6654
1,-0.79562,-0.79562,-0.79562,-0.79562,-0.79562,-0.79562,-0.79562,-0.79562,-0.74083,-0.79562,0.73855,1.1769
1,1.4484,1.4484,1.4484,1.6898,1.4484,0.54316,-0.66387,-0.72422,-0.72422,-0.72422,-0.72422,-0.72422
1,-0.70609,-0.70609,-0.64878,-0.70609,-0.70609,-0.70609,-0.70609,-0.70609,-0.70609,0.32558,1.3573,1.3573
1,1.3446,1.1063,0.21293,-0.79959,-0.85915,-0.79959,-0.79959,-0.85915,-0.79959,-0.79959,-0.85915,-0.79959
1,1.1369,1.376,1.1369,-0.11866,-0.77633,-0.77633,-0.77633,-0.77633,-0.77633,-0.83611,-0.77633,-0.77633
1,-0.030922,-0.8577,-0.8577,-0.8577,-0.91676,-0.8577,-0.8577,-0.91676,-0.8577,-0.8577,-0.91676,-0.8577
1,1.6661,1.1324,1.3696,1.1324,0.89525,-0.76497,-0.76497,-0.76497,-0.82427,-0.76497,-0.76497,-0.82427
1,-0.86245,-0.92103,-0.86245,-0.92103,-0.39384,1.2463,1.2463,1.2463,1.2463,1.2463,1.2463,1.012
1,-0.79085,-0.84864,-0.84864,-0.79085,-0.84864,-0.79085,-0.84864,-0.84864,-0.79085,-0.84864,-0.84864,-0.79085
1,0.96276,1.192,1.192,-0.69901,-0.87092,-0.81362,-0.87092,-0.87092,-0.81362,-0.87092,-0.81362,-0.87092
1,-0.78147,-0.83949,-0.78147,-0.83949,-0.83949,-0.78147,-0.83949,-0.78147,-0.83949,-0.83949,-0.78147,-0.83949
1,-0.84301,-0.78529,-0.84301,-0.78529,1.2349,1.2349,1.2349,1.2349,1.2349,1.2349,1.2349,1.004
1,-0.80092,-0.73961,-0.80092,-0.80092,-0.73961,-0.80092,-0.80092,-0.73961,-0.80092,-0.73961,0.1187,1.4062
1,0.9131,0.9131,0.7106,0.9131,0.9131,0.7106,0.9131,-0.70689,-1.1119,-1.0714,-1.1119,-1.1119
1,-1.099,-1.0586,-1.099,-1.099,-1.099,-1.0586,-1.099,-1.099,-1.099,0.19474,0.92246,0.92246
1,0.69738,0.69738,0.49403,0.69738,0.69738,0.49403,0.69738,-0.92942,-1.2955,-1.2955,-1.3361,-1.3361
1,0.75492,0.5559,0.75492,0.5559,0.5559,0.5559,0.75492,0.5559,0.75492,0.5559,0.5559,0.75492
1,0.77955,0.58029,0.58029,0.77955,0.38103,-1.1732,-1.2131,-1.2131,-1.2131,-1.1732,-1.2131,-1.2131
1,-0.80042,-0.80042,-0.80042,-0.80042,-0.80042,-0.80042,-0.80042,-0.80042,-0.80042,-0.80042,-0.80042,1.5431
1,0.90324,1.1761,-0.051828,-0.87046,-0.87046,-0.87046,-0.87046,-0.87046,-0.87046,-0.87046,-0.87046,-0.87046
1,-0.84754,-0.84754,-0.84754,-0.84754,-0.84754,0.96219,1.519,1.2406,1.2406,1.2406,1.2406,1.2406
1,-0.92128,-0.92128,-0.92128,-0.92128,-0.92128,1.1486,1.4246,1.4246,1.1486,1.1486,1.1486,1.1486
1,0.9031,0.9031,0.9031,0.9031,0.14114,-0.89791,-0.89791,-0.89791,-0.89791,-0.89791,-0.89791,-0.89791
1,1.6844,1.6844,1.3966,1.6844,1.3966,1.6844,1.3966,1.1088,-0.4742,-0.6181,-0.6181,-0.6181
1,1.4666,-0.51952,-0.59308,-0.59308,-0.59308,-0.59308,-0.59308,-0.59308,-0.59308,-0.59308,-0.59308,-0.59308
1,1.8987,1.6154,1.8987,1.6154,1.6154,1.6154,1.6154,1.6154,1.3321,1.6154,1.3321,1.6154
1,1.366,1.6526,1.366,0.076042,-0.64058,-0.64058,-0.64058,-0.64058,-0.64058,-0.64058,-0.64058,-0.64058
1,1.4412,1.7344,0.12177,-0.61127,-0.61127,-0.61127,-0.61127,-0.61127,-0.61127,-0.61127,-0.61127,-0.61127
1,-0.1464,-0.1464,-0.1464,-0.1464,-0.1464,-0.1464,-0.1464,-0.1464,0.30649,-0.1464,-0.1464,0.30649
1,0.069347,-0.56874,-0.56874,0.069347,-0.56874,-0.56874,0.069347,-0.56874,-0.56874,0.069347,0.069347,0.70743
1,-0.61729,0.12874,-0.61729,-0.61729,0.12874,-0.61729,0.12874,0.87477,0.87477,0.87477,0.87477,0.87477
1,-0.48881,-0.48881,-0.48881,-0.48881,0.26928,1.0274,1.0274,1.975,0.26928,1.0274,0.26928,0.26928
1,-0.52168,-0.52168,0.22395,-0.52168,-0.52168,0.96958,0.96958,0.96958,0.96958,0.96958,0.22395,0.22395
1,-0.76659,0.59404,1.0127,1.0127,1.0127,1.0127,1.0127,0.80337,1.0127,0.070721,-0.76659,-0.81892
1,-0.73703,-0.73703,-0.73703,-0.73703,-0.67779,-0.73703,-0.73703,-0.73703,-0.73703,-0.73703,-0.73703,-0.67779
1,-0.79025,-0.73243,-0.67461,-0.73243,-0.67461,-0.67461,1.0599,1.2912,1.2912,1.2912,1.2912,1.0599
1,3.3083,1.3022,-0.65119,-0.80957,-0.75678,-0.28164,0.87981,0.87981,0.87981,1.091,1.091,0.87981
1,1.1088,1.3442,1.1088,1.1088,1.1088,1.1088,0.2848,-0.65691,-0.77462,-0.71576,-0.71576,-0.71576
1,1.4666,1.205,1.4666,1.205,1.4666,1.205,1.205,1.205,1.205,1.205,1.205,0.99572
1,-0.73399,-0.67443,-0.73399,-0.67443,-0.73399,-0.61487,-0.73399,-0.67443,-0.73399,-0.67443,-0.73399,-0.67443
1,-0.76997,-0.82122,-0.76997,-0.82122,-0.76997,-0.82122,-0.76997,-0.82122,-0.76997,-0.82122,-0.76997,-0.82122
1,1.8294,3.2849,3.2849,3.2849,3.2849,3.2849,3.2849,3.2849,3.2849,3.2849,2.973,3.2849
1,-0.79763,-0.74046,-0.79763,-0.74046,-0.79763,-0.74046,-0.79763,-0.79763,-0.74046,-0.79763,-0.74046,-0.79763
1,-0.80115,-0.80115,-0.80115,-0.80115,-0.80115,-0.80115,-0.80115,-0.80115,-0.80115,-0.80115,-0.80115,-0.80115
1,-0.85434,-0.85434,-0.85434,-0.85434,-0.85434,-0.85434,-0.85434,-0.85434,-0.090131,1.1836,1.1836,1.1836
1,1.308,1.308,1.308,1.308,1.308,1.308,1.0349,1.308,1.308,1.0349,1.308,1.0349
1,-0.72959,-0.72959,-0.72959,-0.72959,-0.72959,-0.72959,-0.72959,-0.72959,-0.72959,-0.72959,-0.72959,-0.72959
1,-0.81497,-0.81497,-0.81497,-0.81497,-0.81497,-0.81497,-0.81497,-0.81497,-0.81497,-0.81497,-0.81497,-0.81497
1,-0.88511,-0.88511,-0.88511,-0.96517,-0.88511,-0.88511,-0.88511,-0.88511,-0.88511,-0.88511,-0.88511,-0.88511
1,-0.87607,-0.87607,-0.87607,-0.87607,-0.87607,-0.87607,-0.87607,-0.87607,-0.87607,0.95225,0.95225,1.2702
1,-0.86886,-0.9452,-0.86886,-0.86886,-0.86886,-0.86886,-0.86886,-0.86886,-0.86886,-0.86886,-0.86886,0.88689
1,-0.32441,1.2618,0.94458,1.2618,0.94458,1.2618,0.94458,0.94458,1.2618,0.94458,0.94458,0.94458
1,-0.95433,-0.87989,-0.87989,-0.87989,-0.87989,-0.87989,-0.87989,-0.87989,-0.87989,0.83213,1.1299,0.83213
1,1.0539,1.0539,1.0539,1.0539,1.0539,1.0539,0.81487,1.0539,1.0539,0.81487,1.0539,0.81487
1,-0.032034,0.81957,0.81957,0.81957,0.81957,0.81957,0.81957,0.81957,0.60667,0.60667,0.18087,-0.88363
1,0.77499,0.5615,0.77499,0.77499,0.77499,0.5615,0.77499,0.5615,0.77499,0.34801,-0.79061,-0.86177
1,3.6517,4.1128,0.88516,-0.80553,-0.88238,-0.95923,-0.88238,-0.95923,-0.88238,-0.95923,0.42406,0.65461
1,3.4517,3.8834,3.4517,3.8834,3.4517,3.8834,3.4517,3.4517,3.8834,3.4517,2.0126,-0.57773
1,1.4099,1.4099,1.6926,-0.003455,-0.68189,-0.85149,-0.79496,-0.79496,-0.85149,-0.79496,-0.79496,1.1838
1,-0.86631,-0.80955,-0.80955,-0.86631,-0.80955,-0.63928,1.4039,1.4039,1.6877,1.4039,1.4039,-0.52577
1,-0.865,-0.80852,-0.80852,-0.865,-0.80852,-0.80852,-0.865,-0.80852,-0.80852,-0.69556,1.3942,1.3942
1,1.0102,1.0102,1.0102,1.0102,0.78774,0.0091149,-0.99198,-0.93636,-0.93636,-0.99198,-0.93636,-0.93636
1,-1.0768,-1.1299,-1.0768,-1.0768,-1.1299,-1.0768,0.56836,0.99291,0.99291,0.99291,1.2583,0.99291
2,-0.43789,-0.43789,-0.43789,-0.43789,-0.43789,-0.43789,-0.43789,-0.43789,-0.43789,2.0581,2.6821,2.6821
2,-0.41347,-0.41347,-0.41347,-0.41347,-0.41347,-0.41347,-0.41347,-0.41347,-0.41347,-0.41347,-0.41347,-0.41347
2,-0.4052,2.6008,2.9347,2.6008,2.6008,1.5988,-0.1547,-0.4052,-0.4052,-0.4052,-0.4052,-0.4052
2,2.503,2.8269,2.503,2.1791,0.55954,-0.33122,-0.4122,-0.4122,-0.4122,-0.4122,-0.4122,-0.4122
2,2.4439,2.1246,0.76792,-0.42919,-0.42919,-0.42919,-0.42919,-0.42919,-0.42919,-0.42919,-0.42919,-0.42919
2,-0.31561,-0.31561,-0.31561,-0.31561,-0.31561,2.5249,-0.31561,-0.31561,-0.31561,-0.31561,2.5249,-0.31561
2,-0.23369,-0.23369,-0.23369,-0.23369,-0.23369,2.7709,-0.23369,-0.23369,-0.23369,-0.23369,2.7709,-0.23369
2,-0.1897,-0.1897,-0.1897,-0.1897,2.6558,-0.1897,-0.1897,-0.1897,-0.1897,-0.1897,2.6558,-0.1897
2,-0.18953,-0.18953,2.5397,-0.18953,-0.18953,-0.18953,-0.18953,2.5397,-0.18953,-0.18953,-0.18953,-0.18953
2,-0.28851,-0.28851,-0.28851,-0.28851,-0.28851,-0.28851,-0.28851,2.6372,-0.28851,-0.28851,-0.28851,-0.28851
2,-0.76038,-0.76038,-0.76038,-0.76038,-0.76038,-0.76038,-0.76038,-0.76038,-0.76038,0.77495,1.5426,1.5426
2,-0.71289,-0.71289,-0.71289,-0.71289,-0.71289,0.079617,1.2684,1.6646,1.6646,1.2684,1.6646,1.2684
2,-0.70139,-0.70139,-0.70139,-0.70139,-0.70139,-0.70139,-0.70139,-0.70139,-0.70139,-0.70139,-0.70139,-0.70139
2,-0.72655,-0.72655,-0.72655,-0.72655,-0.72655,-0.72655,-0.72655,-0.72655,-0.72655,-0.72655,-0.72655,-0.72655
2,1.6116,1.219,1.6116,1.219,0.82643,-0.74392,-0.74392,-0.74392,-0.74392,-0.74392,-0.74392,-0.74392
2,-0.76454,-0.76454,-0.76454,-0.76454,-0.76454,-0.76454,-0.76454,-0.76454,-0.76454,-0.76454,-0.76454,-0.76454
2,0.92189,0.92189,0.92189,1.2859,0.92189,0.92189,1.2859,0.92189,0.92189,0.92189,0.92189,1.2859
2,1.2837,0.92273,0.92273,1.2837,0.92273,0.92273,1.2837,0.92273,0.92273,0.92273,1.2837,0.92273
2,0.64354,0.64354,1.0193,0.64354,0.64354,0.64354,-1.1101,-1.2354,-1.2354,-1.2354,-1.2354,-1.2354
2,-0.80109,-0.80109,-0.80109,-0.80109,-0.80109,-0.80109,-0.80109,-0.80109,0.16748,1.3782,1.015,1.3782
2,-0.65243,-0.65243,-0.65243,-0.65243,-0.65243,-0.65243,-0.65243,-0.65243,-0.65243,-0.65243,-0.65243,-0.65243
2,-0.58602,-0.58602,-0.58602,-0.58602,-0.58602,-0.58602,-0.58602,-0.58602,-0.58602,1.1153,1.6825,2.0605
2,-0.62286,-0.62286,-0.62286,-0.62286,-0.62286,-0.62286,-0.62286,-0.62286,-0.62286,-0.62286,-0.62286,-0.62286
2,-0.23341,-0.60564,-0.60564,-0.60564,-0.60564,-0.60564,-0.60564,-0.60564,-0.60564,-0.60564,-0.60564,-0.60564
2,-0.60444,-0.60444,-0.60444,-0.60444,-0.60444,-0.60444,-0.60444,0.50717,1.6188,1.9893,1.6188,1.9893
2,-0.52203,-0.52203,-0.52203,-0.52203,-0.52203,-0.52203,-0.52203,-0.52203,-0.52203,-0.52203,-0.52203,-0.52203
2,-0.51379,-0.51379,-0.51379,-0.51379,-0.51379,-0.51379,-0.51379,-0.51379,-0.51379,-0.51379,-0.51379,-0.51379
2,-0.59221,-0.59221,-0.59221,-0.59221,-0.59221,-0.59221,-0.59221,-0.59221,-0.59221,-0.59221,-0.59221,-0.59221
2,-0.48031,-0.48031,-0.48031,-0.48031,-0.48031,-0.48031,-0.48031,-0.48031,0.405,2.1756,2.6183,2.1756
2,1.3035,1.0313,1.0313,1.0313,1.3035,1.0313,1.0313,1.0313,1.3035,1.0313,1.0313,1.0313
2,-0.5641,-0.5641,-0.5641,-0.5641,-0.5641,-0.5641,-0.5641,-0.5641,-0.5641,-0.5641,-0.5641,-0.5641
2,-0.76032,-0.76032,-0.76032,-0.76032,-0.76032,0.66565,1.8064,1.3786,1.8064,1.3786,1.8064,1.3786
2,1.3388,1.3388,1.3388,1.3388,1.3388,1.3388,0.91248,1.3388,1.3388,0.91248,1.3388,0.91248
2,-0.60995,-0.60995,-0.60995,-0.60995,-0.60995,-0.60995,-0.60995,-0.60995,-0.60995,-0.60995,-0.60995,-0.60995
2,-0.67848,-0.67848,-0.67848,-0.67848,-0.67848,-0.67848,-0.67848,-0.67848,1.0851,1.526,1.9668,1.9668
2,-0.40998,-0.40998,-0.40998,-0.40998,-0.40998,-0.40998,-0.40998,2.1706,1.3104,-0.12325,-0.40998,-0.40998
2,-0.44845,-0.44845,1.8211,2.275,-0.14584,-0.44845,-0.44845,-0.44845,-0.44845,-0.44845,-0.44845,-0.44845
2,2.0651,1.6484,-0.43525,-0.43525,-0.43525,-0.43525,-0.43525,-0.43525,-0.43525,-0.43525,-0.43525,0.39821
2,-0.44246,-0.44246,-0.44246,-0.44246,-0.44246,-0.44246,-0.44246,-0.44246,-0.44246,1.3217,2.6447,-0.29545
2,-0.43892,2.1234,1.6964,-0.43892,-0.43892,-0.43892,-0.43892,-0.43892,-0.43892,-0.43892,2.9775,0.4152
2,-0.44657,-0.44657,-0.44657,-0.44657,-0.44657,-0.44657,-0.33505,0.89175,2.6762,2.2301,2.6762,2.2301
2,-0.44868,-0.44868,-0.44868,-0.44868,-0.44868,-0.44868,-0.44868,-0.44868,-0.44868,-0.44868,-0.44868,-0.44868
2,-0.48738,-0.48738,-0.48738,-0.48738,-0.48738,-0.48738,-0.48738,-0.48738,-0.18957,2.2921,2.2921,2.2921
2,-0.40418,-0.40418,-0.40418,-0.40418,-0.40418,-0.40418,-0.40418,-0.40418,-0.40418,-0.40418,-0.40418,-0.40418
2,-0.47209,-0.47209,-0.47209,-0.47209,1.3847,2.4163,2.0037,2.4163,2.4163,2.4163,0.7658,-0.36893
2,-0.72837,-0.72837,-0.72837,-0.64307,-0.72837,-0.72837,-0.72837,-0.72837,-0.72837,-0.72837,-0.64307,-0.72837
2,0.20821,1.4545,1.8106,1.8106,1.8106,1.8106,1.4545,1.8106,1.4545,1.4545,1.8106,1.4545
2,-0.79053,-0.79053,-0.79053,-0.79053,-0.79053,-0.70469,-0.79053,-0.79053,-0.79053,-0.79053,-0.79053,-0.79053
2,1.4565,1.4565,1.4565,1.4565,1.4565,1.4565,1.4565,1.4565,1.4565,1.4565,1.4565,1.4565
2,-0.74906,-0.74906,-0.66323,-0.74906,1.0533,1.654,1.3107,1.654,1.654,1.654,1.3107,1.654
2,-0.47974,-0.47974,-0.47974,-0.47974,-0.47974,-0.47974,-0.47974,-0.47974,-0.47974,-0.47974,1.982,2.5974
2,-0.46524,1.2025,2.7114,2.3937,1.4407,-0.22699,-0.46524,-0.46524,-0.46524,-0.46524,-0.46524,-0.46524
2,-0.5193,-0.5193,-0.5193,-0.5193,-0.5193,-0.5193,-0.5193,-0.5193,-0.5193,-0.5193,-0.5193,-0.5193
2,-0.42753,-0.42753,-0.42753,-0.42753,-0.42753,-0.42753,-0.42753,-0.42753,0.56839,2.8922,2.5602,2.5602
2,-0.3478,-0.3478,-0.3478,-0.3478,-0.3478,-0.3478,-0.3478,-0.3478,-0.3478,-0.3478,-0.3478,-0.3478
2,-0.64536,-0.64536,-0.64536,-0.64536,-0.64536,-0.64536,-0.64536,-0.64536,-0.64536,-0.64536,-0.64536,-0.64536
2,-0.76878,-0.76878,-0.76878,-0.76878,-0.76878,-0.40001,1.1672,1.4438,1.4438,1.1672,1.4438,1.4438
2,1.6757,2.0008,1.6757,1.6757,2.0008,1.6757,1.6757,1.6757,-0.59951,-0.59951,-0.59951,-0.59951
2,-0.63986,-0.63986,-0.63986,-0.63986,-0.63986,-0.63986,-0.63986,-0.63986,-0.63986,-0.22556,1.5352,1.8459
2,-0.56325,-0.56325,-0.56325,-0.56325,-0.56325,-0.56325,-0.56325,-0.56325,-0.56325,-0.56325,-0.56325,-0.56325
2,-0.49336,-0.49336,-0.49336,-0.49336,-0.49336,-0.49336,-0.49336,-0.49336,-0.49336,-0.49336,-0.49336,-0.49336
2,0.72783,1.0364,0.72783,0.72783,0.72783,0.72783,0.72783,1.0364,0.72783,0.72783,0.72783,0.72783
2,-0.53127,-0.53127,-0.53127,-0.53127,-0.53127,-0.53127,-0.53127,-0.53127,-0.53127,-0.53127,-0.53127,-0.53127
2,1.1246,2.581,2.2744,1.9678,0.66473,-0.40838,-0.48503,-0.48503,-0.48503,-0.48503,-0.48503,-0.48503
2,-0.46297,-0.46297,-0.46297,-0.46297,-0.46297,-0.46297,-0.46297,-0.46297,0.48401,2.6936,2.378,2.378
2,-0.63335,-0.63335,-0.63335,-0.63335,-0.63335,-0.63335,-0.63335,-0.63335,-0.63335,-0.63335,-0.63335,-0.63335
2,-0.48865,-0.48865,-0.48865,-0.48865,-0.48865,-0.48865,-0.48865,-0.48865,-0.48865,-0.48865,-0.48865,-0.48865
2,-0.46773,-0.46773,1.3543,2.5689,2.5689,2.2653,0.89877,-0.39182,-0.46773,-0.46773,-0.46773,-0.46773
2,1.6678,-0.27179,-0.47961,-0.54888,-0.54888,-0.54888,-0.54888,-0.54888,-0.54888,-0.54888,-0.54888,-0.54888
2,-0.70054,-0.70054,-0.70054,-0.70054,-0.70054,-0.70054,-0.70054,-0.70054,-0.70054,-0.70054,-0.70054,-0.70054
2,-0.36848,-0.36848,-0.36848,-0.36848,-0.36848,-0.36848,-0.36848,-0.36848,-0.36848,3.5331,1.6798,-0.1734
2,-0.34626,-0.34626,-0.34626,-0.34626,-0.34626,-0.34626,-0.34626,-0.34626,-0.34626,-0.34626,-0.34626,-0.34626
2,-0.37081,-0.37081,-0.37081,-0.37081,-0.37081,-0.37081,-0.37081,-0.37081,-0.37081,-0.37081,-0.37081,-0.37081
2,-0.36797,-0.36797,-0.36797,-0.36797,2.4125,2.4125,-0.16936,-0.36797,-0.36797,-0.36797,-0.36797,-0.36797
2,-0.34695,-0.34695,-0.34695,-0.34695,-0.34695,-0.34695,-0.34695,-0.34695,-0.34695,-0.34695,3.5512,1.6021
2,-0.15049,-0.31172,-0.31172,-0.31172,-0.31172,-0.31172,-0.31172,-0.31172,-0.31172,-0.31172,-0.31172,-0.31172
2,-0.45662,-0.45662,-0.45662,-0.45662,-0.45662,-0.45662,-0.45662,-0.45662,-0.45662,-0.45662,-0.45662,-0.45662
2,-0.42053,-0.42053,-0.42053,-0.42053,-0.42053,-0.42053,-0.42053,-0.42053,-0.42053,-0.42053,-0.42053,-0.42053
2,-0.52904,-0.52904,-0.52904,-0.52904,-0.52904,-0.52904,-0.52904,-0.52904,-0.52904,-0.52904,-0.52904,-0.52904
2,-0.56107,-0.56107,-0.56107,-0.56107,-0.56107,-0.56107,-0.56107,-0.56107,-0.56107,-0.56107,-0.56107,-0.56107
2,1.4035,1.7501,1.4035,1.4035,1.4035,1.4035,1.4035,1.4035,1.4035,1.4035,-0.32952,-0.67612
2,1.8856,1.8856,1.5261,1.8856,1.5261,1.8856,1.5261,1.5261,1.5261,1.5261,1.5261,1.5261
2,0.66269,1.808,1.808,1.808,1.4556,1.808,1.4556,1.808,1.4556,1.4556,1.4556,1.4556
2,1.5513,1.9121,1.9121,1.9121,1.5513,1.5513,1.9121,1.5513,1.5513,1.5513,1.5513,1.5513
2,-0.65344,-0.65344,-0.65344,-0.65344,-0.65344,-0.65344,-0.65344,-0.65344,-0.65344,-0.65344,-0.65344,-0.65344
2,-0.89422,-0.89422,-0.89422,-0.89422,-0.89422,-0.89422,-0.89422,-0.89422,-0.89422,-0.89422,-0.89422,-0.89422
2,0.93961,1.1488,0.93961,0.93961,0.93961,0.93961,-0.89123,-0.94353,-0.94353,-0.94353,-0.94353,-0.94353
2,0.91977,0.91977,0.50419,-0.95036,-0.95036,-0.95036,-0.95036,-0.95036,-0.95036,-0.95036,-0.95036,-0.95036
2,-0.95949,-0.95949,-0.95949,-0.95949,-0.95949,-0.95949,-0.95949,-0.95949,-0.95949,1.3951,1.1335,1.1335
2,1.1499,1.1499,1.1499,1.1499,0.93999,1.1499,0.93999,1.1499,0.93999,0.93999,0.93999,0.52017
2,-0.43422,-0.43422,-0.43422,0.80216,2.8628,2.2034,-0.43422,-0.43422,-0.43422,-0.43422,-0.43422,-0.43422
2,-0.40043,-0.40043,-0.40043,-0.40043,-0.40043,-0.40043,2.6905,3.0339,2.6905,0.45815,-0.31457,-0.40043
2,-0.42325,-0.42325,-0.42325,-0.42325,-0.42325,-0.42325,-0.42325,-0.42325,-0.42325,-0.42325,-0.42325,-0.42325
2,-0.39673,-0.39673,-0.39673,-0.39673,-0.39673,-0.39673,-0.39673,-0.39673,-0.39673,-0.39673,2.0462,3.0931
2,0.42966,2.9461,2.6106,2.6106,0.59742,-0.40916,-0.40916,-0.40916,-0.40916,-0.40916,-0.40916,-0.40916
2,-0.52104,-0.52104,-0.52104,-0.52104,-0.52104,-0.52104,-0.52104,-0.52104,-0.52104,-0.13006,2.2159,2.2159
2,-0.51227,1.8457,2.2388,2.2388,2.2388,2.2388,1.8457,2.2388,1.8457,1.8457,1.8457,1.8457
2,-0.52625,-0.52625,-0.52625,-0.52625,-0.52625,-0.52625,-0.52625,-0.52625,-0.52625,-0.52625,-0.52625,-0.52625
2,-0.54403,-0.54403,-0.54403,-0.54403,-0.54403,-0.54403,-0.54403,-0.54403,-0.54403,-0.54403,-0.54403,-0.54403
2,-0.13169,2.2022,2.2022,2.2022,2.2022,2.2022,1.8132,2.2022,1.8132,1.8132,1.8132,1.8132
2,-0.1795,-0.43543,-0.43543,-0.43543,-0.43543,-0.43543,-0.43543,-0.43543,-0.43543,-0.43543,-0.43543,-0.1795
2,-0.1893,-0.44917,-0.44917,-0.44917,-0.44917,-0.44917,-0.44917,-0.44917,-0.44917,0.85015,2.6692,-0.1893
2,-0.41449,-0.41449,-0.41449,-0.41449,-0.41449,-0.41449,-0.41449,-0.41449,-0.41449,1.0434,2.6471,-0.41449
2,-0.41533,-0.41533,3.7134,0.17449,-0.26788,-0.41533,-0.41533,-0.41533,-0.41533,-0.41533,-0.41533,-0.41533
2,-0.42334,-0.42334,-0.42334,-0.42334,-0.42334,3.5797,0.72039,-0.42334,-0.42334,-0.42334,-0.42334,-0.42334
2,-0.47926,-0.47926,-0.47926,-0.47926,-0.47926,-0.47926,-0.47926,-0.47926,-0.47926,-0.47926,-0.47926,-0.47926
2,-0.44395,-0.44395,-0.44395,-0.44395,-0.44395,-0.44395,-0.44395,-0.44395,-0.44395,-0.44395,-0.44395,-0.44395
2,-0.44191,-0.44191,-0.44191,-0.44191,-0.44191,-0.44191,-0.44191,-0.44191,-0.44191,-0.44191,-0.44191,-0.44191
2,-0.47718,-0.47718,-0.47718,-0.47718,-0.47718,-0.47718,-0.47718,-0.47718,-0.47718,-0.47718,1.8527,2.1855
2,-0.44916,-0.44916,-0.44916,-0.44916,-0.44916,-0.44916,-0.44916,-0.44916,-0.44916,-0.44916,-0.44916,-0.44916
2,1.8123,1.4675,1.4675,-0.25699,-0.60188,-0.60188,-0.60188,-0.60188,-0.60188,-0.60188,-0.60188,-0.60188
2,-0.62122,-0.62122,-0.62122,-0.62122,-0.62122,-0.62122,0.21969,1.7333,2.0697,1.7333,1.7333,1.7333
2,-0.63138,-0.63138,-0.63138,-0.63138,-0.63138,-0.63138,0.88141,1.7219,1.7219,2.058,1.7219,1.7219
2,-0.65635,0.58183,1.6549,1.6549,1.9851,1.6549,1.6549,1.3247,1.6549,1.3247,1.6549,1.3247
2,1.749,1.749,1.4104,1.749,1.4104,1.4104,1.4104,0.64845,-0.53675,-0.62141,-0.62141,-0.62141
2,-0.57171,-0.57171,-0.57171,-0.57171,-0.57171,-0.57171,-0.57171,-0.57171,-0.57171,-0.57171,-0.57171,-0.57171
2,-0.48907,-0.48907,-0.48907,-0.48907,-0.48907,-0.48907,-0.48907,-0.48907,-0.48907,-0.48907,-0.48907,-0.48907
2,1.9319,1.9319,1.9319,1.9319,-0.42187,1.8198,1.8198,1.8198,1.8198,-0.53395,1.9319,1.9319
2,1.9405,1.9405,1.9405,1.9405,-0.31364,1.9405,1.9405,1.9405,1.9405,-0.31364,1.838,1.838
2,-0.47954,-0.47954,-0.47954,-0.47954,-0.242,-0.47954,-0.47954,-0.47954,-0.47954,-0.36077,-0.47954,-0.47954
2,-0.50121,-0.50121,-0.50121,-0.50121,-0.50121,-0.50121,-0.50121,-0.50121,-0.50121,-0.50121,-0.50121,-0.50121
2,-0.43184,-0.43184,-0.43184,-0.43184,-0.43184,-0.43184,-0.43184,-0.43184,-0.43184,-0.43184,-0.43184,-0.43184
2,-0.4349,-0.4349,-0.4349,-0.4349,-0.4349,-0.4349,-0.4349,-0.4349,-0.4349,-0.4349,-0.4349,-0.4349
2,-0.48754,-0.48754,-0.48754,-0.48754,-0.48754,-0.48754,-0.48754,-0.48754,-0.48754,-0.48754,-0.48754,1.3992
2,2.0772,-0.18091,-0.41861,-0.41861,-0.41861,-0.41861,-0.41861,-0.41861,-0.41861,-0.41861,-0.41861,-0.41861
3,0.20635,0.20635,0.20635,0.20635,0.77722,0.20635,0.20635,0.20635,0.77722,0.20635,0.20635,0.20635
3,0.092298,0.092298,0.092298,0.092298,0.092298,0.092298,0.092298,0.092298,0.092298,0.87183,0.092298,0.092298
3,0.13587,0.13587,0.92962,0.13587,0.13587,0.13587,0.13587,0.13587,0.13587,0.92962,0.13587,0.13587
3,-0.40598,-0.40598,-0.40598,-0.40598,2.4598,-0.40598,-0.40598,-0.40598,-0.40598,-0.40598,2.4598,-0.40598
3,0.15029,0.72664,0.15029,0.15029,0.15029,0.15029,0.72664,0.15029,0.15029,0.15029,0.72664,0.15029
3,-0.66574,-0.66574,-0.66574,-0.66574,-0.32579,1.7139,1.7139,1.374,1.7139,1.374,1.7139,1.7139
3,1.4604,1.4604,0.23357,-0.55513,-0.64276,-0.64276,-0.64276,-0.64276,-0.64276,-0.64276,-0.64276,-0.64276
3,-0.65777,-0.65777,-0.65777,-0.65777,-0.65777,-0.65777,-0.65777,-0.65777,-0.65777,-0.65777,-0.65777,-0.65777
3,-0.61752,-0.61752,-0.61752,0.72708,1.5338,1.8924,1.5338,1.8924,1.5338,1.8924,1.5338,-0.52788
3,-0.6286,-0.6286,-0.6286,-0.6286,-0.6286,-0.6286,-0.54058,-0.27652,1.8359,1.4838,1.8359,1.4838
3,2.1249,1.7857,1.7857,1.7857,0.76828,-0.36224,-0.58834,-0.58834,-0.58834,-0.58834,-0.58834,-0.58834
3,-0.62939,-0.62939,-0.62939,0.64682,1.604,1.923,1.604,1.604,1.604,0.22141,-0.52304,-0.62939
3,-0.62813,-0.62813,-0.62813,-0.62813,-0.62813,-0.43646,1.3844,1.672,1.3844,1.672,1.3844,1.0969
3,1.7511,-0.14937,-0.48475,-0.59654,-0.59654,-0.59654,-0.59654,-0.59654,-0.59654,-0.59654,-0.59654,-0.59654
3,-0.62764,-0.62764,0.019782,1.6384,1.9621,1.6384,1.6384,1.9621,0.66721,-0.51974,-0.62764,-0.62764
3,-0.53682,-0.53682,-0.53682,-0.53682,-0.53682,-0.53682,-0.53682,-0.53682,-0.53682,-0.53682,-0.53682,-0.53682
3,1.5488,1.5488,1.9022,0.31193,-0.48323,-0.57158,-0.57158,-0.57158,-0.57158,-0.57158,-0.57158,-0.57158
3,-0.52649,-0.68794,-0.68794,-0.68794,-0.68794,-0.68794,-0.68794,-0.68794,-0.68794,-0.68794,-0.68794,-0.68794
3,-0.54749,0.18351,2.011,2.011,2.011,2.011,2.011,1.6455,2.011,2.011,1.6455,1.6455
3,2.0877,2.0877,2.0877,1.7148,2.0877,2.0877,1.7148,1.7148,2.0877,0.59584,-0.52306,-0.52306
3,-0.50214,-0.61873,-0.61873,-0.61873,-0.61873,-0.61873,-0.61873,-0.61873,1.713,2.0045,1.4799,-0.61873
3,1.6444,-0.46241,-0.63324,-0.63324,-0.63324,-0.63324,-0.63324,-0.63324,-0.63324,1.9291,1.9291,0.73336
3,1.6416,-0.58022,-0.63719,-0.63719,-0.63719,-0.63719,-0.63719,-0.63719,-0.63719,1.9264,1.9264,0.95796
3,-0.66147,-0.66147,-0.66147,0.52537,1.8818,1.8818,0.69491,-0.49193,-0.66147,-0.66147,-0.66147,-0.66147
3,0.93371,1.8931,1.8931,-0.30789,-0.64651,-0.64651,-0.64651,-0.64651,-0.64651,-0.64651,-0.64651,1.6109
3,1.627,1.627,1.627,1.627,1.627,1.3494,1.627,1.627,1.627,1.627,-0.31599,-0.59356
3,-0.57289,-0.57289,-0.57289,-0.57289,-0.57289,-0.57289,-0.57289,-0.57289,-0.57289,-0.57289,-0.57289,-0.57289
3,-0.61878,-0.61878,-0.61878,-0.61878,-0.61878,-0.61878,-0.61878,-0.61878,-0.61878,-0.61878,-0.61878,-0.61878
3,1.5036,1.5036,1.8618,1.5036,1.8618,1.5036,1.5036,1.5036,1.8618,1.5036,1.5036,1.5036
3,-0.49782,-0.49782,-0.49782,-0.49782,-0.49782,-0.49782,-0.49782,-0.49782,-0.49782,-0.49782,-0.49782,-0.49782
3,-0.45072,-0.45072,-0.45072,-0.45072,-0.45072,1.1323,2.7153,2.7153,2.3195,2.3195,1.1323,-0.45072
3,0.80653,2.204,2.5851,2.204,2.204,1.8229,-0.20979,-0.46388,-0.46388,-0.46388,-0.46388,-0.46388
3,-0.46777,-0.082863,2.2266,2.6115,2.2266,2.2266,2.2266,0.30205,-0.33947,-0.46777,-0.46777,-0.46777
3,-0.50312,-0.50312,-0.50312,-0.50312,-0.50312,-0.50312,-0.50312,-0.50312,-0.50312,-0.50312,-0.50312,-0.50312
3,-0.46751,-0.46751,-0.46751,-0.46751,-0.46751,-0.46751,-0.46751,1.8198,2.5822,2.201,2.201,2.201
3,-0.66263,-0.66263,-0.66263,-0.66263,-0.66263,-0.66263,-0.66263,-0.66263,-0.66263,-0.66263,-0.66263,-0.66263
3,-0.62897,-0.62897,-0.62897,-0.62897,-0.62897,-0.62897,0.63954,1.7389,2.0772,1.7389,1.4007,1.7389
3,-0.65404,-0.65404,-0.65404,-0.65404,-0.65404,-0.65404,-0.65404,-0.65404,0.34119,1.9999,1.6682,1.6682
3,-0.67797,-0.67797,-0.67797,-0.67797,-0.67797,-0.67797,-0.67797,-0.67797,-0.67797,-0.67797,-0.67797,-0.67797
3,1.6294,1.3026,-0.33146,-0.65827,-0.65827,-0.65827,-0.65827,-0.65827,-0.65827,-0.65827,-0.65827,-0.65827
3,-0.74119,-0.74119,-0.67605,-0.74119,-0.74119,-0.67605,-0.74119,-0.74119,-0.74119,-0.67605,-0.74119,-0.74119
3,1.4153,1.6823,0.080372,-0.72057,-0.72057,-0.65382,-0.72057,-0.72057,-0.72057,-0.65382,-0.72057,-0.72057
3,-0.62635,-0.69418,-0.69418,-0.69418,-0.62635,-0.69418,1.2049,1.7475,1.4762,1.7475,1.4762,1.7475
3,-0.71299,-0.64575,-0.71299,-0.71299,-0.64575,1.7079,1.7079,1.4389,1.7079,1.4389,1.7079,1.1699
3,-0.61494,-0.68298,-0.68298,-0.68298,-0.61494,-0.68298,-0.68298,-0.68298,-0.61494,-0.68298,-0.68298,-0.0025516
3,-0.65736,-0.65736,-0.65736,-0.65736,-0.65736,-0.65736,-0.65736,-0.65736,0.27433,1.7883,1.4389,1.7883
3,-0.37834,-0.6176,-0.6176,-0.6176,-0.6176,-0.6176,-0.6176,-0.6176,-0.6176,-0.6176,-0.6176,-0.6176
3,1.7712,1.4222,1.4222,1.4222,1.0731,-0.55571,-0.67205,-0.67205,-0.67205,-0.67205,-0.67205,-0.67205
3,-0.6323,-0.6323,-0.6323,-0.6323,-0.6323,-0.6323,-0.6323,0.084074,1.875,1.5168,1.875,1.5168
3,-0.64193,-0.64193,-0.64193,-0.64193,-0.64193,-0.64193,-0.64193,-0.64193,-0.64193,-0.64193,-0.64193,-0.64193
3,-0.53126,-0.53126,-0.53126,-0.53126,-0.53126,-0.53126,-0.53126,-0.53126,0.77827,2.2749,2.2749,1.9631
3,-0.55963,-0.55963,-0.55963,-0.55963,-0.55963,-0.55963,-0.55963,-0.55963,-0.55963,-0.55963,-0.55963,-0.55963
3,-0.56623,-0.56623,-0.56623,-0.56623,-0.56623,-0.56623,-0.56623,-0.56623,-0.56623,-0.56623,-0.56623,-0.56623
3,-0.56412,-0.56412,-0.56412,-0.56412,-0.56412,-0.56412,-0.56412,-0.56412,-0.56412,-0.56412,1.0065,1.6796
3,-0.53258,-0.53258,-0.53258,-0.53258,-0.53258,-0.53258,-0.53258,-0.53258,-0.53258,-0.53258,-0.53258,-0.53258
3,-1.1385,-1.1385,-1.1385,-1.1385,-1.1385,-1.1385,-1.1385,-1.1385,-1.1385,-1.1385,-1.1385,-1.1385
3,0.78307,1.12,0.78307,0.78307,1.12,0.78307,0.78307,0.78307,1.12,0.78307,0.78307,0.78307
3,-1.4965,-1.6827,-1.6827,-1.6827,-1.6827,-1.6827,-1.6827,-1.6827,-1.6827,-1.6827,-1.6827,-1.6827
3,0.64359,0.64359,0.64359,0.64359,0.64359,0.64359,0.64359,0.64359,0.64359,0.12342,-1.2637,-1.4371
3,1.0907,0.75374,0.75374,1.0907,0.75374,0.75374,1.0907,0.75374,0.75374,0.75374,0.75374,1.0907
3,-0.43874,-0.43874,-0.43874,-0.43874,-0.14685,2.8449,2.4801,1.3126,-0.29279,-0.43874,-0.43874,-0.43874
3,-0.46501,-0.46501,-0.46501,-0.46501,-0.46501,-0.46501,-0.46501,-0.46501,0.38601,2.7263,2.3717,0.59877
3,-0.41414,-0.41414,-0.41414,-0.41414,-0.41414,-0.41414,-0.41414,-0.41414,0.038793,2.9829,2.6054,0.94467
3,-0.48801,0.55133,2.63,2.2836,0.96707,-0.48801,-0.48801,-0.48801,-0.48801,-0.48801,-0.48801,-0.48801
3,-0.4226,-0.4226,-0.4226,-0.4226,-0.4226,-0.4226,-0.4226,-0.4226,-0.4226,-0.4226,1.6468,2.5336
3,1.7181,-0.58122,-0.58122,1.7181,-0.58122,-0.58122,1.7181,-0.58122,-0.58122,1.7181,-0.58122,-0.58122
3,-0.73329,1.3618,-0.73329,1.3618,-0.73329,-0.73329,1.3618,-0.73329,1.3618,-0.73329,1.3618,-0.73329
3,-0.92707,-0.92707,0.85766,-0.92707,-0.92707,-0.92707,0.85766,-0.92707,-0.92707,-0.92707,0.85766,-0.92707
3,-0.57054,-0.57054,-0.57054,1.7503,-0.57054,-0.57054,1.7503,-0.57054,-0.57054,1.7503,-0.57054,-0.57054
3,-1.2314,0.093872,-1.2314,0.093872,-1.2314,0.093872,-1.2314,0.093872,-1.2314,-1.2314,0.093872,-1.2314
3,-0.52043,-0.52043,-0.52043,-0.52043,-0.52043,-0.52043,-0.52043,-0.52043,-0.52043,-0.52043,-0.52043,-0.52043
3,2.0485,2.0485,2.0485,2.0485,0.69178,-0.42553,-0.50534,-0.50534,-0.50534,-0.50534,-0.50534,-0.50534
3,-0.46276,-0.46276,-0.46276,-0.46276,-0.46276,-0.46276,-0.46276,-0.46276,-0.46276,-0.46276,-0.46276,-0.46276
3,-0.4869,-0.4869,-0.4869,-0.4869,-0.4869,-0.4869,-0.4869,-0.4869,-0.4869,-0.4869,-0.4869,2.2919
3,-0.48082,-0.48082,-0.48082,-0.48082,-0.48082,1.0825,2.2984,2.2984,2.2984,0.040289,-0.39397,-0.48082
3,-0.71514,-0.71514,-0.71514,-0.71514,-0.29665,1.6389,1.6389,1.6389,1.6389,1.3773,1.1681,-0.5582
3,-0.71216,-0.71216,0.084704,1.6784,1.6784,1.4128,1.6784,1.6784,-0.28717,-0.65904,-0.71216,-0.71216
3,-0.76036,-0.76036,-0.76036,-0.76036,1.2908,1.5472,1.5472,1.5472,1.5472,1.2908,1.2908,-0.60652
3,-0.74338,-0.74338,-0.74338,-0.74338,-0.74338,-0.74338,-0.74338,-0.74338,0.032771,1.5851,1.5851,1.5851
3,-0.72954,-0.72954,-0.72954,-0.72954,-0.72954,-0.72954,-0.72954,-0.72954,-0.72954,0.20399,1.6043,1.6043
3,1.7946,1.7946,1.7946,0.50672,-0.4781,-0.62961,-0.62961,-0.62961,-0.62961,-0.62961,-0.62961,-0.62961
3,2.1007,1.4951,1.7979,-0.39756,-0.62467,-0.62467,-0.62467,-0.62467,-0.62467,-0.62467,-0.62467,-0.62467
3,-0.66019,-0.66019,0.8748,1.6788,1.6788,1.6788,0.43623,-0.514,-0.66019,-0.66019,-0.66019,-0.66019
3,-0.63445,-0.63445,-0.63445,-0.63445,1.7588,1.7588,1.7588,0.71173,-0.48487,-0.63445,-0.63445,-0.63445
3,-0.69479,-0.69479,-0.69479,-0.69479,-0.69479,-0.69479,-0.4128,1.8431,1.5611,1.5611,1.5611,-0.4128
3,0.26884,0.57559,0.26884,0.57559,0.26884,0.57559,0.26884,-1.5717,-2.1085,-2.1852,-2.1852,-2.1852
3,0.33571,0.62967,0.33571,0.62967,0.33571,0.62967,0.62967,0.33571,0.62967,0.33571,0.62967,0.33571
3,0.3077,0.60201,0.60201,0.3077,0.60201,0.3077,0.60201,0.3077,0.60201,0.60201,0.3077,0.60201
3,0.55213,0.22834,0.55213,0.55213,0.55213,0.22834,0.55213,0.55213,0.55213,0.22834,0.55213,0.55213
3,0.93717,0.93717,0.66615,0.66615,0.66615,0.93717,0.66615,0.66615,0.66615,0.66615,0.66615,0.39514
3,-0.66632,-0.66632,-0.60674,-0.66632,-0.66632,-0.66632,-0.66632,-0.66632,-0.66632,-0.66632,-0.66632,-0.66632
3,1.6372,2.2433,2.2433,1.9402,2.2433,1.9402,2.2433,1.9402,1.9402,1.6372,1.9402,1.6372
3,-0.77515,-0.77515,-0.77515,-0.77515,-0.77515,-0.77515,-0.77515,-0.77515,-0.77515,-0.77515,1.5059,1.5059
3,1.4516,1.4516,1.1847,1.4516,1.1847,1.4516,1.1847,1.1847,1.4516,1.1847,1.4516,1.1847
3,-0.73265,-0.73265,-0.73265,-0.73265,-0.73265,-0.73265,-0.73265,-0.73265,-0.73265,-0.73265,-0.73265,-0.73265
3,-1.0612,-1.0612,1.0907,1.0907,0.85163,1.0907,1.0907,0.85163,1.0907,0.85163,1.0907,0.85163
3,1.0665,1.0665,1.0665,0.82835,1.0665,1.0665,0.82835,1.0665,1.0665,0.82835,1.0665,0.82835
3,-1.0296,-1.0296,-1.0296,-1.0296,-1.0296,-1.0296,-1.0296,-1.0296,-1.0296,-1.0296,-1.0296,-1.0296
3,0.73237,0.98004,0.98004,0.73237,0.98004,0.73237,0.73237,0.98004,0.73237,0.73237,0.98004,0.73237
3,1.0971,0.85766,1.0971,0.85766,0.85766,1.0971,0.85766,1.0971,0.85766,0.85766,1.0971,0.85766
3,-0.58836,-0.52039,-0.58836,-0.58836,-0.52039,-0.58836,-0.52039,-0.58836,-0.52039,-0.58836,-0.58836,-0.52039
3,-0.47462,-0.47462,-0.39687,-0.47462,-0.39687,-0.47462,-0.39687,-0.47462,-0.47462,-0.39687,-0.47462,-0.39687
3,-0.50228,-0.57198,-0.50228,-0.57198,-0.50228,-0.57198,-0.57198,-0.50228,-0.57198,-0.50228,-0.57198,-0.57198
3,-0.49121,-0.56265,-0.49121,-0.56265,-0.49121,-0.56265,-0.56265,-0.49121,-0.56265,-0.49121,-0.56265,-0.56265
3,-0.48366,-0.40658,-0.48366,-0.48366,-0.40658,-0.48366,-0.40658,-0.48366,-0.48366,-0.40658,-0.48366,-0.40658
3,-0.5434,-0.5434,-0.5434,-0.5434,-0.5434,-0.5434,-0.5434,-0.5434,-0.5434,-0.5434,-0.5434,-0.5434
3,-0.54619,-0.54619,-0.54619,-0.54619,-0.54619,-0.54619,-0.54619,-0.54619,-0.54619,-0.54619,-0.54619,-0.54619
3,-0.48666,-0.48666,-0.48666,-0.48666,-0.48666,-0.48666,-0.48666,-0.48666,-0.48666,-0.48666,-0.48666,-0.48666
3,1.9211,1.5095,1.9211,1.5095,1.5095,1.9211,1.5095,1.5095,1.9211,1.5095,1.5095,-0.54841
3,-0.52152,-0.52152,-0.52152,-0.52152,-0.52152,-0.52152,-0.52152,-0.52152,-0.52152,-0.52152,-0.52152,-0.52152
3,1.8208,2.1137,2.1137,2.1137,0.20999,-0.52219,-0.52219,-0.52219,-0.52219,-0.52219,-0.52219,-0.52219
3,-0.57505,-0.57505,-0.57505,-0.57505,-0.57505,-0.57505,-0.57505,-0.57505,-0.57505,-0.16143,1.9067,1.9067
3,-0.59323,-0.59323,-0.59323,-0.59323,-0.59323,-0.59323,-0.59323,-0.59323,-0.59323,0.22856,2.1461,1.8721
3,1.3704,2.2029,1.9254,1.6479,0.26052,-0.43318,-0.57192,-0.57192,-0.57192,-0.57192,-0.57192,-0.57192
3,-0.52351,-0.52351,-0.52351,-0.52351,-0.52351,2.1103,2.1103,2.1103,2.1103,0.35443,-0.45035,-0.52351
3,-0.63522,-0.63522,-0.63522,-0.63522,-0.63522,-0.63522,-0.63522,-0.63522,-0.63522,-0.63522,-0.63522,-0.63522
3,-0.72153,-0.72153,-0.72153,1.1029,1.407,1.711,1.407,1.407,1.407,1.407,1.407,1.407
3,1.6785,1.3767,1.3767,1.3767,1.3767,1.3767,1.3767,1.3767,0.16927,-0.73629,-0.73629,-0.73629
3,1.3691,1.0675,-0.51571,-0.74188,-0.74188,-0.74188,-0.74188,-0.74188,-0.74188,-0.74188,-0.74188,-0.74188
3,-0.64398,1.2667,1.5852,1.9036,1.5852,1.5852,1.5852,1.5852,1.5852,1.2667,-0.32553,-0.56436
3,-0.37267,-0.37267,-0.37267,-0.37267,-0.37267,-0.37267,-0.37267,-0.37267,-0.37267,-0.37267,-0.37267,-0.37267
3,-0.39038,-0.39038,-0.39038,-0.39038,-0.39038,-0.39038,-0.39038,-0.39038,-0.39038,-0.39038,-0.39038,-0.39038
3,-0.31857,-0.31857,-0.31857,-0.31857,-0.31857,-0.31857,-0.31857,-0.31857,-0.31857,-0.31857,-0.31857,-0.31857
3,-0.29604,-0.29604,-0.29604,-0.29604,1.8742,3.9669,3.9669,0.47905,-0.29604,-0.29604,-0.29604,-0.29604
3,-0.37406,-0.37406,-0.37406,-0.37406,-0.37406,-0.37406,-0.37406,-0.37406,-0.37406,-0.37406,-0.37406,-0.37406
