1,2.4839,2.2763,2.0675,1.9219,1.7188,1.5084,1.3007,1.0903,0.88273,0.6723,0.46338,0.25452,0.045738,-0.15619,-0.20899
4,2.6033,2.3407,2.0823,1.8256,1.5677,1.3122,1.0572,0.80172,0.54668,0.29185,0.03662,-0.076146,-0.077345,-0.32716,-0.55385
6,2.7573,2.5767,2.3633,2.1516,1.9402,1.7294,1.5194,1.3095,1.1003,0.89149,0.68316,0.48284,0.29863,0.13567,-0.044849
5,0.91606,0.72015,0.52244,0.32583,0.13438,-0.054012,-0.23552,-0.4096,-0.57445,-0.78235,-1.0053,-1.228,-1.4427,-1.6449,-1.8307
2,2.6561,2.3881,2.1186,1.8497,1.5766,1.3102,1.1097,0.931,0.75067,0.53933,0.28011,0.20277,0.22509,0.19043,-0.063984
6,2.7168,2.5209,2.3196,2.1164,1.9136,1.7112,1.5093,1.3046,1.1036,0.89958,0.69586,0.50345,0.337,0.17466,0.026848
6,2.6823,2.4972,2.2947,2.0925,1.8907,1.6896,1.4879,1.2872,1.0868,0.88623,0.6864,0.48931,0.30832,0.13833,-0.019478
1,2.4838,2.2688,2.0626,1.8713,1.6611,1.4608,1.2592,1.0642,0.86689,0.66795,0.48614,0.28846,0.090741,-0.11064,-0.24286
2,2.5467,2.2531,1.9659,1.6825,1.4057,1.1285,0.98867,0.83648,0.67847,0.55345,0.3001,0.16185,0.088628,0.10357,-0.0054859
6,2.737,2.5098,2.2778,2.0492,1.8199,1.5952,1.3686,1.1422,0.9168,0.6822,0.52917,0.37555,0.23055,0.018566,-0.19151
6,2.673,2.4637,2.2574,2.0516,1.8464,1.6416,1.4371,1.233,1.0292,0.82588,0.62389,0.42998,0.25049,0.080338,-0.093616
7,2.8117,2.5936,2.364,2.1371,1.911,1.6867,1.4624,1.2382,1.0155,0.79151,0.56883,0.44459,0.46406,0.33352,0.11541
6,2.6864,2.4803,2.2754,2.0707,1.8665,1.6619,1.4585,1.2544,1.0516,0.84851,0.64729,0.45903,0.28328,0.11881,-0.051978
7,2.857,2.6382,2.4196,2.2017,1.9829,1.765,1.5456,1.3272,1.1078,0.88979,0.67061,0.45152,0.34976,0.36673,0.20481
4,2.6048,2.3332,2.0676,1.8026,1.5391,1.2775,1.02,0.7582,0.4979,0.2385,-0.0208,-0.14078,-0.072098,-0.25043,-0.48455
6,2.6792,2.4876,2.2787,2.0712,1.8646,1.6583,1.4525,1.2472,1.0422,0.83777,0.63399,0.45781,0.27421,0.099857,-0.069806
1,2.4844,2.2859,2.0929,1.9016,1.7114,1.5203,1.3284,1.1393,0.94937,0.75946,0.5696,0.37927,0.18961,2.65E-05,-0.18946
4,2.5795,2.2822,2.0011,1.7263,1.4635,1.2034,0.93454,0.66182,0.39294,0.12454,-0.024019,-0.007489,-0.21174,-0.44439,-0.68834
4,2.5484,2.2953,2.0455,1.7965,1.5483,1.3001,1.0511,0.80349,0.55497,0.30647,0.057988,-0.098569,-0.071816,-0.30982,-0.52978
7,2.9042,2.6517,2.3976,2.1551,1.9128,1.6663,1.4382,1.2011,0.9667,0.73167,0.49914,0.47218,0.46059,0.22634,-0.0025685
6,2.7909,2.5935,2.3749,2.1571,1.9394,1.7221,1.5042,1.2878,1.072,0.85885,0.66261,0.47699,0.29821,0.10793,-0.096929
6,2.72,2.4989,2.2859,2.0729,1.8614,1.6502,1.4404,1.2301,1.0203,0.81119,0.60251,0.42001,0.2321,0.068755,-0.12172
7,2.7867,2.5513,2.3222,2.0942,1.8687,1.6458,1.422,1.1979,0.97516,0.75251,0.53053,0.30788,0.32928,0.31133,0.094077
7,2.8614,2.662,2.4452,2.2285,2.0109,1.7934,1.5762,1.3592,1.1411,0.923,0.71343,0.58307,0.48664,0.28641,0.077376
5,1.3697,1.1977,1.06,0.84642,0.64633,0.50375,0.55717,0.60518,0.66465,0.73499,0.7983,0.74592,0.55493,0.32542,0.11693
4,2.5839,2.3225,2.0629,1.804,1.546,1.2884,1.0295,0.79458,0.53704,0.27962,0.020905,-0.21338,-0.15548,-0.29484,-0.52099
1,2.5389,2.3445,2.13,1.9207,1.702,1.4931,1.2843,1.0801,0.87154,0.6632,0.45918,0.25459,0.049196,-0.1703,-0.21918
2,2.5594,2.3188,2.0651,1.8118,1.559,1.3087,1.0819,0.9595,0.78294,0.62724,0.46441,0.241,0.038952,0.011887,0.024375
6,2.6435,2.4326,2.2257,2.0187,1.8125,1.6067,1.4011,1.1958,0.99072,0.78611,0.58273,0.41093,0.22724,0.075226,-0.10504
7,2.8221,2.6158,2.3935,2.1709,1.9486,1.7258,1.504,1.2809,1.0587,0.83549,0.61237,0.3907,0.38852,0.40927,0.20782
3,2.7289,2.5089,2.2942,2.0827,1.8749,1.6617,1.4564,1.253,1.0672,0.8976,0.69276,0.48805,0.28348,0.080129,-0.030279
7,2.8598,2.6585,2.4463,2.2347,2.0201,1.8021,1.5881,1.3665,1.149,0.92753,0.71035,0.56931,0.44637,0.28891,0.077767
1,2.4498,2.3225,2.1338,1.9435,1.7532,1.5631,1.3752,1.1878,0.99827,0.80637,0.61449,0.42534,0.23362,0.044874,-0.14663
2,2.5771,2.315,2.0597,1.8036,1.5489,1.3626,1.1344,0.99441,0.81864,0.65759,0.47415,0.26806,0.11138,0.10012,0.1221
6,2.7199,2.5244,2.3155,2.1077,1.8999,1.6931,1.4868,1.2807,1.075,0.86973,0.66536,0.46614,0.299,0.12534,-0.050922
7,2.8499,2.6412,2.419,2.1978,1.977,1.7565,1.5361,1.3157,1.0955,0.8753,0.65527,0.43483,0.41995,0.41301,0.20666
2,2.5286,2.2459,1.9702,1.6999,1.4327,1.1641,0.97645,0.82117,0.68084,0.549,0.39012,0.14484,0.029405,0.011901,0.012328
1,2.4397,2.2488,2.0584,1.8684,1.6781,1.4894,1.2996,1.111,0.9205,0.73131,0.53959,0.34965,0.16204,-0.028001,-0.21792
1,2.429,2.2272,2.0288,1.8334,1.6327,1.4377,1.2404,1.0605,0.86829,0.67832,0.48398,0.29187,0.099805,-0.095858,-0.29066
4,2.4834,2.1922,1.9118,1.6441,1.386,1.1328,0.86006,0.61198,0.3493,0.091171,-0.17064,-0.10026,-0.21347,-0.44313,-0.68493
2,2.6233,2.3863,2.1324,1.8788,1.6254,1.3723,1.1404,0.94156,0.75972,0.59721,0.37128,0.15052,0.12664,0.14552,0.094516
1,2.3224,2.1298,1.9388,1.748,1.6072,1.4587,1.3996,1.3348,1.1441,0.95397,0.764,0.57351,0.38303,0.19331,0.0029227
5,1.3081,1.1158,1.0503,0.99947,0.81157,0.64435,0.50004,0.53353,0.59404,0.64969,0.73062,0.79169,0.73839,0.5549,0.36051
4,2.5608,2.287,2.0042,1.7338,1.4709,1.2171,0.94848,0.68103,0.41424,0.15029,-0.10677,-0.0058838,-0.19942,-0.43148,-0.67592
5,1.2225,1.0428,0.84796,0.65929,0.60513,0.64462,0.69527,0.7566,0.82806,0.89428,0.87334,0.69713,0.48378,0.30504,0.13017
5,1.1549,0.95817,0.76454,0.57108,0.52572,0.58356,0.65254,0.72508,0.80913,0.9047,0.93293,0.75613,0.5467,0.34149,0.12898
4,2.5812,2.3149,2.0518,1.7923,1.5305,1.2731,1.0153,0.75741,0.49949,0.24204,-0.015468,-0.036729,-0.091085,-0.33822,-0.56195
1,2.3613,2.1703,1.9825,1.7955,1.6071,1.42,1.2325,1.0463,0.8597,0.67332,0.48712,0.33623,0.14927,-0.037274,-0.20525
7,2.7386,2.5335,2.3279,2.1225,1.9166,1.71,1.5041,1.2975,1.0921,0.88558,0.67779,0.47134,0.26757,0.26961,0.13519
7,2.8221,2.605,2.3867,2.1685,1.9496,1.731,1.5126,1.2929,1.0732,0.85367,0.63422,0.44185,0.50194,0.37225,0.16765
7,2.8282,2.6107,2.3939,2.1777,1.9614,1.7447,1.5281,1.3117,1.0955,0.87833,0.66247,0.4455,0.29582,0.32496,0.23913
3,2.6525,2.4446,2.239,2.0341,1.8292,1.6258,1.4222,1.2165,1.0132,0.80796,0.6046,0.39985,0.19514,-0.010771,-0.072327
7,2.8387,2.674,2.4652,2.2495,2.0284,1.8005,1.59,1.5177,1.3552,1.1895,1.2068,1.0038,0.78983,0.6204,0.41767
5,1.3015,1.1392,1.0153,0.82192,0.62627,0.53858,0.58249,0.65464,0.71976,0.79471,0.86245,0.8223,0.63793,0.41738,0.22618
3,2.7217,2.5119,2.3044,2.0977,1.8918,1.6866,1.4812,1.2755,1.0696,0.86515,0.66062,0.45542,0.25086,0.045409,-0.0043021
1,2.4523,2.2488,2.0517,1.8558,1.6597,1.5521,1.3569,1.1632,0.96794,0.77367,0.57941,0.38471,0.18981,-0.0045136,-0.19903
7,2.8376,2.6156,2.3948,2.1745,1.9543,1.7336,1.5132,1.2928,1.0727,0.85167,0.63186,0.41159,0.40792,0.39994,0.18852
4,2.5479,2.2813,2.017,1.7536,1.491,1.2292,0.99888,0.81916,0.97037,0.70849,0.44624,0.18434,-0.079337,-0.29912,-0.19826
3,2.632,2.4293,2.2264,2.0239,1.8214,1.619,1.4179,1.2138,1.0097,0.80572,0.60361,0.39987,0.19835,-0.0050275,-0.2106
4,2.6154,2.4386,2.1969,1.9532,1.6906,1.4468,1.1742,0.88035,0.61603,0.33948,0.045294,-0.090054,-0.069701,-0.27711,-0.48299
2,2.6414,2.3797,2.1241,1.8677,1.6135,1.3578,1.2023,1.022,0.86482,0.69806,0.44913,0.26293,-0.010917,-0.1205,-0.20454
2,2.5868,2.3162,2.0554,1.7915,1.5361,1.278,1.1173,0.94097,0.80071,0.65123,0.46505,0.29977,0.16327,0.10446,-0.14213
5,1.1897,1.026,0.83062,0.63531,0.52504,0.57812,0.63787,0.71017,0.79225,0.88341,0.91534,0.74657,0.54131,0.3268,0.11665
3,2.608,2.4134,2.2167,2.0206,1.8229,1.6231,1.4314,1.2321,1.0299,0.8277,0.63183,0.43311,0.23464,0.032688,-0.16922
6,2.7313,2.5055,2.2745,2.042,1.8142,1.5867,1.36,1.1353,0.91079,0.68262,0.50572,0.35839,0.20115,0.011937,-0.19662
7,2.845,2.6438,2.4324,2.2159,1.9959,1.7799,1.5604,1.337,1.1136,0.89032,0.66708,0.44393,0.36609,0.36383,0.29622
5,1.1756,0.94714,0.7327,0.52224,0.53004,0.59672,0.67818,0.7657,0.86882,0.92071,0.73933,0.53744,0.33297,0.13388,-0.05986
4,2.6218,2.3467,2.0785,1.8118,1.5451,1.2805,1.0156,0.75069,0.48614,0.22177,-0.042396,-0.048003,-0.055077,-0.30713,-0.53693
7,2.8068,2.5861,2.3577,2.1302,1.9066,1.6832,1.461,1.2367,1.0166,0.79471,0.57278,0.35152,0.31388,0.30363,0.10971
3,2.6209,2.4203,2.2197,2.0191,1.8188,1.6178,1.4169,1.2163,1.0117,0.81229,0.61226,0.4126,0.21109,0.0097133,-0.1915
3,2.4575,2.2815,2.105,1.9281,1.7521,1.5751,1.4015,1.2253,1.0475,0.86786,0.69012,0.51451,0.33704,0.16207,-0.012381
1,2.3645,2.1928,2.0195,1.8381,1.6567,1.4752,1.2969,1.1199,0.93753,0.75583,0.57177,0.39057,0.21658,0.048097,-0.11932
6,2.6961,2.4776,2.2634,2.0501,1.8373,1.6255,1.4139,1.203,0.99257,0.78262,0.5771,0.38324,0.24156,0.061552,-0.12548
7,2.9095,2.755,2.5435,2.327,2.109,1.8895,1.6742,1.4464,1.22,0.99293,0.766,0.53919,0.33375,0.36818,0.24906
6,2.6853,2.4778,2.272,2.0667,1.862,1.658,1.4538,1.2498,1.0463,0.84342,0.64103,0.44672,0.2835,0.11507,-0.045818
3,2.6236,2.4208,2.2181,2.0154,1.8131,1.61,1.4071,1.2045,0.99751,0.79656,0.59449,0.39078,0.18717,-0.014093,-0.21732
5,1.2669,1.1684,1.009,0.81834,0.62179,0.58137,0.61437,0.67752,0.7507,0.82786,0.90513,0.78145,0.57429,0.38197,0.1988
2,2.5017,2.2437,2.028,1.7784,1.529,1.2829,1.1077,0.96181,0.78969,0.64738,0.43691,0.22291,0.12709,0.081688,0.098852
2,2.5888,2.4724,2.2239,1.9781,1.7306,1.4836,1.2316,1.0867,0.88746,0.70735,0.54143,0.33214,0.11044,0.099223,0.10834
4,2.6147,2.3376,2.0686,1.8022,1.5591,1.2963,1.0315,0.76774,0.50365,0.24024,-0.023115,0.043337,-0.053266,-0.29942,-0.52712
6,2.7327,2.5393,2.3288,2.119,1.9096,1.7006,1.4919,1.2837,1.0758,0.86838,0.66183,0.48661,0.30483,0.13242,-0.048406
7,2.7958,2.5788,2.3449,2.1111,1.8777,1.6439,1.411,1.1768,0.94351,0.70932,0.47642,0.24243,0.20536,0.21536,0.34911
1,2.4102,2.2185,2.045,1.8542,1.663,1.4738,1.2828,1.0924,0.90226,0.71129,0.52035,0.32945,0.13977,-0.051539,-0.24017
1,2.4411,2.2388,2.0398,1.8436,1.6478,1.4509,1.254,1.0611,0.88479,0.69029,0.49753,0.30337,0.10925,-0.083268,-0.27852
5,1.239,1.0443,1.1246,1.0136,0.85248,0.65287,0.50668,0.53298,0.58512,0.64815,0.72148,0.80445,0.86219,0.70941,0.50153
5,1.1601,0.96449,0.76893,0.57223,0.49239,0.55169,0.62204,0.68688,0.77513,0.85746,0.90151,0.73768,0.50854,0.30085,0.098639
2,2.4716,2.3768,2.2903,2.0995,1.8603,1.6219,1.3838,1.1457,0.99982,0.82462,0.65064,0.48313,0.27547,0.065595,0.029273
4,2.4797,2.2032,1.9374,1.6751,1.4081,1.1552,0.89692,0.64227,0.38732,0.13244,-0.11989,-0.13919,-0.14733,-0.39395,-0.62828
2,2.5635,2.3081,2.0567,1.8059,1.5556,1.3298,1.1256,1.0166,0.81096,0.66833,0.48228,0.27594,0.15413,0.13158,0.012689
4,2.5216,2.2593,1.9995,1.7414,1.4839,1.2264,0.96877,0.71221,0.45542,0.19804,-0.058814,-0.077048,-0.10345,-0.348,-0.56801
5,0.96095,0.78961,0.59297,0.3917,0.19665,0.0076776,-0.17591,-0.34967,-0.51291,-0.72066,-0.93715,-1.1474,-1.3533,-1.5522,-1.7411
7,2.7997,2.5827,2.3656,2.1482,1.93,1.712,1.4943,1.2752,1.0562,0.83735,0.61855,0.39987,0.34904,0.34813,0.17445
5,1.2969,1.107,1.0555,0.99805,0.80034,0.6051,0.49624,0.54679,0.59274,0.66542,0.74815,0.8248,0.79046,0.6143,0.37433
6,2.689,2.4978,2.2891,2.0815,1.8742,1.6676,1.4613,1.2554,1.0498,0.84471,0.641,0.44769,0.26716,0.099103,-0.078965
1,2.4581,2.344,2.1663,1.9842,1.7973,1.6156,1.4289,1.2406,1.0506,0.86429,0.67257,0.48088,0.28922,0.09762,-0.093925
3,2.711,2.4939,2.2823,2.0724,1.8656,1.654,1.4487,1.2462,1.0387,0.83596,0.63117,0.4275,0.22309,0.02029,-0.095219
2,2.6212,2.3743,2.1284,1.8837,1.6386,1.3954,1.1586,0.96079,0.76123,0.58639,0.44141,0.28459,0.1511,0.14199,0.00070185
7,2.8398,2.6176,2.396,2.1747,1.9526,1.7315,1.5097,1.2882,1.0657,0.84451,0.62223,0.40003,0.38958,0.39105,0.20638
6,2.6757,2.4644,2.2554,2.0481,1.8411,1.6346,1.4286,1.2228,1.0173,0.81246,0.60838,0.43931,0.25608,0.086028,-0.09485
6,2.5562,2.3915,2.1949,1.9999,1.8052,1.6111,1.4174,1.224,1.031,0.8382,0.64648,0.45473,0.26615,0.092476,-0.068726
1,2.4479,2.2569,2.0657,1.8744,1.6832,1.4922,1.3013,1.1107,0.94035,0.74879,0.5588,0.36581,0.17442,-0.015071,-0.20812
7,2.801,2.6016,2.3915,2.1819,1.9678,1.7534,1.5413,1.3217,1.1061,0.88649,0.67059,0.45154,0.30506,0.33853,0.18198
4,2.5451,2.2777,2.0169,1.7567,1.4964,1.2397,0.98309,0.72455,0.46743,0.21067,-0.046347,-0.073168,-0.12497,-0.36806,-0.59699
2,2.557,2.3231,2.0691,1.8155,1.5623,1.3091,1.0924,0.95991,0.77068,0.58643,0.38821,0.22803,0.095186,0.081427,0.091262
4,2.544,2.28,2.0185,1.7583,1.4989,1.2394,0.98086,0.74391,0.48491,0.2262,-0.033438,-0.2415,-0.16346,-0.32239,-0.55794
