2,-0.77065,-1.2791,-0.26209,1.5178,2.2806,1.0092,-0.51635,-1.5334,-0.77065,1.0092,2.5348,2.7891,1.772,-0.26209
1,-0.69146,0.037369,0.28031,0.28031,0.52324,0.52324,0.52324,0.52324,0.28031,-0.69146,-0.44849,0.76617,1.7379,-0.20556
1,0.022305,-0.1388,-0.29991,-0.78321,0.18342,1.1501,0.50563,0.82784,0.18342,-0.94435,-0.78321,0.34453,1.7945,2.2778
1,0.026081,0.026081,0.30868,0.30868,-0.53909,-1.6695,-0.82172,0.87385,1.439,0.30868,0.30868,1.1564,1.1564,0.026081
2,-0.12247,0.1263,0.37505,0.1263,0.37505,0.1263,0.1263,-0.12247,-0.86878,-0.61998,-0.12247,0.62381,1.3701,2.1164
2,-0.335,0.016207,0.016207,-0.335,-0.6862,0.71863,0.71863,0.016207,-0.6862,-0.335,0.71863,1.0698,1.0698,0.71863
2,-0.19349,0.058044,0.56112,1.5673,2.3219,1.3157,-0.44502,-1.7028,-1.7028,0.56112,2.0703,2.5734,0.81266,-0.94803
2,-0.82536,-0.54879,-0.54879,0.0042513,2.2164,3.046,1.3869,-0.54879,-1.6549,-0.27227,0.83383,2.493,2.2164,0.55731
1,-0.17112,0.21243,0.020648,0.21243,0.020648,-0.17112,0.020648,0.020648,0.21243,-0.36289,-0.74639,-0.17112,1.3631,2.5137
2,-0.746,-0.51832,0.39225,1.3028,1.9858,1.0752,-0.51832,-1.4289,-0.97355,0.39225,1.9858,1.9858,1.7581,1.0752
2,-0.485,-0.485,0.28392,1.5654,3.1032,1.8217,-0.2287,-2.0228,-1.5102,0.54022,2.3343,2.3343,0.79652,-0.99755
2,-0.20316,-0.45711,0.5587,1.3205,2.5903,1.5745,-0.20316,-1.7269,-0.96494,0.050787,1.5745,2.0824,1.3205,-0.20316
1,-0.39112,-0.18102,0.029089,-0.39112,-0.39112,0.23921,0.44931,0.23921,0.44931,0.029089,-0.60127,-0.18102,1.2897,1.9201
1,0.2938,0.75395,0.52387,0.06371,-0.16636,-0.39644,-0.39644,-0.16636,-0.16636,-0.16636,-0.16636,-0.16636,0.2938,0.52387
1,0.0058773,0.0058773,0.0058773,0.0058773,0.0058773,-0.18525,0.0058773,0.0058773,0.38815,-0.56754,-0.94976,-0.18525,1.5349,2.4906
1,-0.14213,-0.58208,-0.36208,-0.14213,0.077823,0.29779,0.51774,0.51774,0.7377,0.077823,-0.80194,-0.58208,1.1776,2.9372
2,-0.69721,-0.47059,-0.24401,1.3421,2.9281,2.9281,0.8889,-1.3769,-1.83,-0.69721,0.8889,2.0218,1.7952,0.43574
2,-0.53461,-0.80827,-0.26099,0.83348,2.4752,1.6543,-0.26099,-1.3554,-1.0818,0.55987,2.2016,3.0224,1.6543,-0.26099
2,-0.27502,-0.5233,-0.77161,-0.026742,1.4629,2.4561,1.4629,-0.27502,-1.2681,-0.77161,0.96638,2.2078,1.7112,0.22155
2,-0.28182,-0.53982,-0.02382,1.5242,2.5562,1.5242,-0.53982,-1.8299,-1.0558,0.4922,2.2982,2.5562,0.7502,-0.28182
2,-0.29566,-0.97002,-0.97002,0.37866,1.3901,1.053,0.041492,-0.29566,0.041492,1.3901,2.4016,2.4016,0.37866,-0.97002
2,-0.43617,-0.43617,0.032439,1.4383,2.1412,1.4383,-0.43617,-1.6078,-1.1391,0.73537,2.1412,2.1412,0.73537,-0.43617
1,0.023032,-0.16413,0.023032,0.023032,-0.16413,-0.35129,-0.35129,0.2102,0.39736,-0.53848,-0.91276,0.023032,1.5203,2.4561
1,0.0075404,0.0075404,-0.23772,-0.48298,-0.23772,-0.23772,-0.48298,-0.48298,0.0075404,0.25282,-0.72828,-1.2188,-0.48298,1.4791
1,0.033139,0.033139,0.033139,-0.13258,0.033139,0.033139,0.19887,0.033139,0.033139,-0.2983,-0.79545,-0.79545,0.36459,1.5246
2,-0.28557,-0.28557,-0.63579,-0.63579,0.064651,0.064651,-0.28557,-0.28557,0.064651,0.41489,-0.28557,0.064651,0.064651,-0.63579
2,-0.47719,-0.47719,0.0036952,1.4464,2.4082,1.2059,-0.71768,-1.9198,-0.95803,0.72504,2.4082,2.8891,1.2059,-0.71768
