1,-0.70673,-0.65214,-0.45675,-0.21008,0.075267,0.34994,0.59501,0.77936,1.0623,1.3086,1.4932,1.5211,1.5118,1.3693
1,-0.76431,-0.66367,-0.48853,-0.21173,0.055587,0.38079,0.64551,0.86063,1.1062,1.3998,1.4925,1.4833,1.5402,1.536
1,-0.83837,-0.77659,-0.57064,-0.3077,-0.030774,0.25684,0.5483,0.82246,1.1392,1.4305,1.5632,1.5354,1.5306,1.5437
1,-0.77861,-0.70566,-0.53821,-0.29064,-0.0093541,0.31068,0.57321,0.7933,1.114,1.3756,1.5818,1.5247,1.5247,1.6
0,-0.74795,-0.66356,-0.45236,-0.21768,0.080679,0.38448,0.63275,0.84753,1.149,1.385,1.4973,1.4731,1.4891,1.4767
1,-0.80592,-0.71525,-0.50258,-0.28065,-0.0051616,0.29011,0.59608,0.86103,1.1585,1.4376,1.5855,1.5203,1.5311,1.5596
0,-0.73169,-0.64438,-0.44405,-0.28434,-0.0022093,0.29806,0.59548,0.82713,1.0839,1.3866,1.5758,1.5602,1.5224,1.5838
1,-0.90238,-0.7844,-0.5794,-0.30258,0.0099044,0.32814,0.58963,0.87752,1.1737,1.4535,1.5485,1.5328,1.575,1.5174
1,-0.87136,-0.79716,-0.60419,-0.33693,-0.037625,0.25285,0.53259,0.85229,1.1069,1.3938,1.6104,1.5794,1.5062,1.5394
0,-0.88709,-0.75967,-0.62508,-0.34475,-0.10842,0.21572,0.54244,0.84421,1.0738,1.3017,1.5108,1.5369,1.5218,1.5457
1,-0.89928,-0.81337,-0.6306,-0.38485,-0.095312,0.21716,0.52009,0.80976,1.1174,1.4284,1.5948,1.547,1.4706,1.5593
0,-0.94461,-0.85864,-0.61168,-0.35323,-0.05004,0.24602,0.56668,0.85019,1.1383,1.4037,1.5613,1.606,1.5904,1.6416
1,-0.83396,-0.75118,-0.53805,-0.27638,-0.057999,0.25025,0.53614,0.85458,1.1102,1.3858,1.602,1.6144,1.5799,1.5588
1,-0.85601,-0.75835,-0.57943,-0.29975,0.020358,0.32003,0.64262,0.91111,1.2422,1.5058,1.5772,1.5667,1.6262,1.5166
1,-0.91637,-0.79931,-0.64674,-0.35856,-0.062391,0.26261,0.58121,0.90942,1.205,1.4816,1.5532,1.5992,1.5643,1.5737
1,-0.91652,-0.82895,-0.59333,-0.32512,0.0031835,0.30423,0.59407,0.92615,1.2445,1.5462,1.6534,1.539,1.5077,1.6037
1,-1.0041,-0.90903,-0.66964,-0.36451,-0.078415,0.25099,0.55316,0.88664,1.2033,1.5512,1.7192,1.5923,1.5052,1.6549
0,-0.68243,-0.61395,-0.48281,-0.21752,0.018885,0.2663,0.53666,0.76755,1.0384,1.2824,1.4017,1.5573,1.5718,1.4306
0,-0.76632,-0.68863,-0.49442,-0.26313,0.02069,0.33468,0.56837,0.8409,1.0932,1.342,1.5024,1.4801,1.4833,1.4491
1,-0.78515,-0.71342,-0.50319,-0.27779,-0.004255,0.2774,0.5625,0.82928,1.1043,1.3798,1.5564,1.5697,1.5747,1.5754
0,-0.761,-0.6774,-0.44411,-0.25299,0.037738,0.33596,0.63403,0.87153,1.118,1.3692,1.5053,1.5632,1.539,1.4871
1,-0.98702,-0.89382,-0.65203,-0.39367,-0.11853,0.20313,0.54165,0.77882,1.0522,1.2992,1.511,1.4719,1.425,1.5063
1,-0.96506,-0.85684,-0.64362,-0.39923,-0.086295,0.24066,0.55996,0.86681,1.159,1.4273,1.6483,1.5925,1.5925,1.6759
1,-0.93021,-0.81934,-0.59989,-0.31039,-0.01868,0.30092,0.57781,0.90383,1.1673,1.482,1.6748,1.6342,1.5965,1.6703
0,-0.92807,-0.82943,-0.60197,-0.32343,-0.024136,0.28506,0.58901,0.90511,1.1809,1.4609,1.6257,1.5348,1.5203,1.533
0,-0.63438,-0.58584,-0.42436,-0.19282,0.046246,0.32123,0.60309,0.82614,1.0595,1.2828,1.4717,1.5476,1.5168,1.5193
1,-0.83553,-0.83324,-0.59544,-0.31951,-0.079386,0.24949,0.48861,0.82094,1.1051,1.4256,1.496,1.4206,1.3944,1.4926
1,-0.83996,-0.73934,-0.54574,-0.34067,-0.058115,0.23941,0.57096,0.84263,1.1637,1.4056,1.576,1.5385,1.4911,1.582
1,-0.92622,-0.86822,-0.631,-0.31956,-0.0086839,0.30089,0.61308,0.96272,1.2454,1.5338,1.5754,1.4534,1.447,1.525
1,-0.87375,-0.77837,-0.58972,-0.36903,-0.063232,0.2341,0.55316,0.83879,1.1163,1.3992,1.6315,1.6269,1.5323,1.6004
1,-0.93734,-0.8356,-0.6027,-0.32517,0.00059255,0.30841,0.61849,0.93571,1.2163,1.435,1.4722,1.4344,1.4259,1.4431
0,-0.69786,-0.62233,-0.45378,-0.21139,0.053446,0.32317,0.61221,0.85632,1.1176,1.3731,1.524,1.5473,1.5464,1.5201
1,-0.8447,-0.77317,-0.54128,-0.27052,0.0018229,0.30951,0.63016,0.88126,1.1613,1.4262,1.5422,1.5071,1.5063,1.5279
1,-0.62194,-0.55981,-0.43664,-0.19448,0.074287,0.33607,0.61276,0.89216,1.1321,1.373,1.5218,1.593,1.5667,1.4267
1,-0.67986,-0.67456,-0.45317,-0.19996,-0.0064236,0.28209,0.51042,0.73096,0.96503,1.1735,1.3881,1.4877,1.4893,1.4611
0,-0.66635,-0.56765,-0.37539,-0.13993,0.13445,0.40465,0.6858,0.91567,1.1259,1.3955,1.5146,1.5517,1.5513,1.5265
1,-0.75946,-0.68858,-0.50671,-0.25838,0.019541,0.29294,0.5265,0.769,1.0013,1.287,1.4823,1.5788,1.5684,1.4713
1,-0.69273,-0.68696,-0.49773,-0.23656,0.053559,0.33796,0.66024,0.87229,1.1046,1.3198,1.4958,1.5766,1.6047,1.5692
1,-0.76442,-0.67873,-0.55435,-0.28623,0.013647,0.32983,0.55277,0.84075,1.043,1.3054,1.4968,1.5636,1.569,1.4873
1,-0.75172,-0.7189,-0.51767,-0.29236,0.013036,0.29986,0.53984,0.80047,1.0429,1.3388,1.4641,1.4741,1.519,1.3949
1,-0.79825,-0.73357,-0.53447,-0.28452,0.026203,0.30972,0.64676,0.89611,1.1571,1.4431,1.5483,1.5402,1.5491,1.4469
1,-0.74583,-0.73331,-0.54928,-0.36546,-0.058026,0.24351,0.53826,0.79251,1.0917,1.3491,1.5676,1.6054,1.6114,1.5892
1,-0.74466,-0.67024,-0.4902,-0.24885,0.027704,0.31295,0.61395,0.84766,1.0913,1.3686,1.5211,1.5139,1.4813,1.4741
1,-0.83295,-0.75068,-0.55382,-0.30992,-0.039039,0.27057,0.55935,0.84551,1.1411,1.4602,1.5774,1.5707,1.5226,1.5602
1,-0.72223,-0.64114,-0.43807,-0.25212,0.02898,0.29236,0.5904,0.80713,1.022,1.298,1.486,1.5395,1.5546,1.498
1,-0.8515,-0.72162,-0.54184,-0.30888,-0.046869,0.25443,0.52587,0.74442,0.95675,1.3,1.5082,1.5289,1.5185,1.5813
1,-0.78618,-0.70108,-0.50561,-0.25385,0.052424,0.35234,0.60701,0.84053,1.1499,1.3894,1.4781,1.4455,1.4567,1.4481
1,-0.81548,-0.7187,-0.56908,-0.30075,-0.0073311,0.29206,0.57405,0.8454,1.1505,1.444,1.5484,1.5214,1.5184,1.5773
1,-0.82692,-0.73266,-0.58641,-0.36117,-0.064464,0.27254,0.57897,0.84907,1.1438,1.4455,1.5764,1.5093,1.5349,1.5886
1,-0.90288,-0.78071,-0.60292,-0.33566,-0.007481,0.3121,0.65891,0.97399,1.2701,1.5698,1.6266,1.5281,1.5613,1.5801
1,-0.86611,-0.78362,-0.56573,-0.30334,0.0018903,0.28892,0.59559,0.84249,1.146,1.4051,1.6028,1.5814,1.582,1.6003
1,-0.94611,-0.8356,-0.60739,-0.34293,-0.022686,0.29167,0.59937,0.89788,1.1875,1.5029,1.5152,1.4622,1.4275,1.4879
1,-0.87571,-0.76797,-0.56079,-0.28318,0.028358,0.3173,0.59423,0.88211,1.1426,1.496,1.5419,1.4499,1.466,1.573
1,-0.83471,-0.73675,-0.6135,-0.33498,-0.039977,0.27269,0.58789,0.87605,1.1871,1.5092,1.5734,1.5206,1.5206,1.6012
1,-0.92911,-0.82836,-0.62508,-0.40108,-0.10087,0.19175,0.49971,0.80235,1.1086,1.3824,1.6096,1.607,1.5846,1.5516
1,-1.0096,-0.9102,-0.6703,-0.35506,-0.0075561,0.31884,0.6326,0.91297,1.2291,1.5144,1.6656,1.4001,1.3818,1.5502
1,-0.74057,-0.62088,-0.5354,-0.25096,-0.02343,0.28356,0.58469,0.86618,1.0497,1.2549,1.4391,1.4864,1.4664,1.3742
0,-0.43155,-0.36102,-0.17813,-0.0006419,0.24848,0.50994,0.69269,0.78361,0.96565,1.1269,1.3006,1.2826,1.2919,1.2108
0,-0.5835,-0.59472,-0.39505,-0.18448,0.056704,0.33417,0.54051,0.84276,1.0237,1.2721,1.4687,1.4934,1.484,1.3666
1,-0.71031,-0.64549,-0.48959,-0.29854,-0.034745,0.22969,0.52596,0.69989,1.0044,1.3083,1.4601,1.5375,1.4945,1.5301
0,-0.59832,-0.55293,-0.39343,-0.18233,0.085401,0.37717,0.63905,0.83933,1.0761,1.2941,1.4465,1.4984,1.5074,1.4943
1,-0.78686,-0.75746,-0.53662,-0.30005,0.024376,0.31102,0.66274,0.8164,1.0944,1.326,1.4832,1.534,1.4621,1.3515
1,-0.79497,-0.69965,-0.48188,-0.2145,0.056949,0.30178,0.57813,0.81447,1.0057,1.2311,1.4189,1.5328,1.523,1.4531
0,-0.82357,-0.81162,-0.59852,-0.32047,-0.015935,0.30976,0.58549,0.84202,1.1939,1.4034,1.4435,1.3927,1.4237,1.294
1,-0.80331,-0.71176,-0.55023,-0.31451,-0.04146,0.23343,0.53194,0.79875,1.0281,1.2651,1.51,1.5899,1.5793,1.5239
1,-0.81386,-0.72113,-0.52173,-0.27083,0.0038282,0.3128,0.61138,0.87454,1.1412,1.4128,1.5776,1.5561,1.5968,1.5197
1,-0.78373,-0.70161,-0.55157,-0.29292,-0.014237,0.28368,0.60141,0.87579,1.2072,1.4203,1.5259,1.5415,1.5694,1.4741
0,-0.7871,-0.76253,-0.5813,-0.32181,-0.046244,0.26825,0.56674,0.85438,1.0937,1.3557,1.5373,1.5394,1.534,1.5263
1,-0.8371,-0.73891,-0.52657,-0.25708,0.039941,0.29664,0.6122,0.86981,1.1372,1.4314,1.5513,1.5402,1.5241,1.43
1,-0.82985,-0.7348,-0.54214,-0.32359,-0.062503,0.25483,0.53954,0.825,1.1456,1.4502,1.5985,1.5783,1.5694,1.6007
1,-0.80287,-0.70714,-0.50059,-0.29423,-0.024499,0.2562,0.57026,0.83496,1.1152,1.3873,1.5536,1.5961,1.5591,1.4493
0,-0.79157,-0.72214,-0.49921,-0.22357,0.083743,0.37641,0.66124,0.93491,1.2328,1.5037,1.6363,1.529,1.499,1.5997
1,-0.92733,-0.82837,-0.63512,-0.38248,-0.081505,0.23497,0.54315,0.85324,1.1851,1.4037,1.5587,1.5417,1.5895,1.6505
1,-0.92892,-0.82762,-0.6099,-0.30383,0.025436,0.33166,0.58651,0.92881,1.1796,1.4807,1.5719,1.4806,1.4889,1.7156
1,-0.89827,-0.78945,-0.57702,-0.30969,-0.011216,0.27534,0.59,0.89047,1.1781,1.4504,1.5755,1.5468,1.5374,1.6272
1,-0.86351,-0.7839,-0.58102,-0.31569,-0.028638,0.27777,0.59387,0.87905,1.1666,1.4548,1.6528,1.5937,1.5213,1.5736
1,-0.9224,-0.82428,-0.61378,-0.39012,-0.09334,0.21316,0.52693,0.79971,1.0901,1.4016,1.5813,1.5766,1.5708,1.6246
0,-0.58626,-0.49746,-0.40634,-0.16298,0.079937,0.35904,0.64954,0.85504,1.0649,1.2593,1.4277,1.5227,1.4727,1.4842
1,-0.71455,-0.6096,-0.51326,-0.31893,-0.025639,0.27324,0.57596,0.82701,1.0596,1.2572,1.46,1.5191,1.5465,1.4845
1,-0.67199,-0.68146,-0.49063,-0.23548,0.04522,0.35846,0.56169,0.81548,1.0953,1.3488,1.5084,1.4618,1.489,1.3665
1,-0.74306,-0.62314,-0.45761,-0.20282,0.036466,0.30791,0.6171,0.80909,0.98821,1.2605,1.5015,1.4996,1.5023,1.4268
1,-0.70129,-0.6088,-0.43552,-0.18104,0.10542,0.42487,0.65012,0.86262,1.1444,1.3362,1.4787,1.5523,1.5138,1.3451
1,-0.79949,-0.7332,-0.52187,-0.26703,0.0067644,0.29509,0.60605,0.82079,1.0717,1.3961,1.5786,1.5971,1.5645,1.5365
0,-0.71256,-0.63636,-0.47611,-0.21111,0.090208,0.2734,0.51469,0.74971,0.99649,1.2217,1.3975,1.423,1.434,1.3676
0,-0.62186,-0.522,-0.35785,-0.088778,0.1493,0.42332,0.66844,0.91607,1.1713,1.3581,1.4561,1.4778,1.4581,1.3614
1,-0.84632,-0.75143,-0.55486,-0.29376,-0.017159,0.30273,0.56687,0.80356,1.0029,1.261,1.4141,1.3871,1.4029,1.2727
0,-0.79668,-0.70997,-0.51124,-0.2442,0.050844,0.34022,0.60267,0.81778,1.1025,1.3945,1.5329,1.4942,1.4431,1.4962
0,-0.69852,-0.62327,-0.40841,-0.13799,0.13196,0.4411,0.64502,0.89307,1.1251,1.366,1.5233,1.5536,1.5543,1.496
1,-0.83934,-0.78165,-0.53926,-0.27819,0.011374,0.31486,0.62238,0.82971,1.1032,1.4055,1.511,1.5013,1.5486,1.4603
0,-0.76506,-0.6749,-0.49228,-0.25941,-0.028129,0.27277,0.4911,0.78962,1.0433,1.3032,1.5433,1.5188,1.4759,1.5443
0,-0.75257,-0.68312,-0.47154,-0.22688,0.054255,0.32913,0.65135,0.85924,1.1251,1.3966,1.5036,1.4906,1.492,1.4789
0,-0.83374,-0.73488,-0.5335,-0.26598,0.018954,0.33479,0.60759,0.91964,1.1528,1.4658,1.674,1.6228,1.5974,1.6582
1,-0.89894,-0.87154,-0.64454,-0.339,-0.026,0.29048,0.62037,0.90038,1.2401,1.4836,1.4934,1.498,1.5414,1.4769
1,-0.87925,-0.78179,-0.60344,-0.32491,-0.042577,0.29836,0.58689,0.8279,1.1465,1.4647,1.5979,1.5554,1.5656,1.6143
1,-0.95427,-0.8533,-0.59997,-0.32621,-0.044005,0.27006,0.61365,0.96134,1.2312,1.4673,1.5165,1.526,1.4342,1.4892
1,-0.72421,-0.64053,-0.45164,-0.22022,0.063058,0.34612,0.6014,0.83398,1.0683,1.2821,1.4759,1.4944,1.4862,1.3788
1,-0.73823,-0.64253,-0.46929,-0.19162,0.07084,0.36449,0.63799,0.88311,1.1039,1.3628,1.5014,1.5579,1.5275,1.4221
0,-0.79301,-0.71671,-0.48133,-0.23586,0.09798,0.40157,0.68068,0.86665,1.0909,1.3256,1.4621,1.4751,1.4099,1.2193
1,-0.71043,-0.66692,-0.51619,-0.26518,0.023786,0.33878,0.65576,0.84665,1.078,1.294,1.4263,1.5118,1.4992,1.4158
0,-0.63327,-0.55469,-0.35513,-0.1924,0.087307,0.36998,0.63214,0.8617,1.0504,1.3161,1.4976,1.5165,1.4999,1.5167
0,-0.75298,-0.6775,-0.54201,-0.29581,-0.019572,0.29013,0.61379,0.87326,1.1344,1.3529,1.4609,1.4555,1.4851,1.4296
1,-0.7231,-0.64029,-0.51858,-0.26629,-0.01281,0.28223,0.57247,0.79338,0.97996,1.202,1.4101,1.4917,1.4645,1.4763
1,-0.80013,-0.77675,-0.59156,-0.32302,-0.01961,0.32683,0.55203,0.82705,1.1162,1.3661,1.5312,1.5196,1.4952,1.5093
1,-0.88606,-0.78346,-0.56128,-0.2838,0.018791,0.31662,0.636,0.88357,1.1747,1.4521,1.5306,1.5233,1.4942,1.4325
1,-0.73834,-0.66976,-0.55758,-0.36539,-0.050224,0.28299,0.60663,0.8811,1.163,1.3842,1.5223,1.5751,1.5568,1.5249
0,-0.75185,-0.65134,-0.44743,-0.17858,0.11415,0.34788,0.65924,0.94895,1.2222,1.4616,1.5878,1.55,1.5919,1.5484
1,-0.9083,-0.81261,-0.64852,-0.36667,-0.030575,0.31238,0.6452,0.9371,1.2122,1.4712,1.5343,1.4911,1.5261,1.5018
1,-0.8877,-0.82231,-0.63313,-0.35811,-0.065345,0.23518,0.53488,0.85226,1.0506,1.3761,1.5398,1.602,1.5987,1.5442
1,-0.84948,-0.79087,-0.57978,-0.32513,-0.059768,0.26142,0.56515,0.83914,1.058,1.3518,1.5121,1.477,1.4082,1.4888
1,-0.82777,-0.71616,-0.54068,-0.27755,0.014522,0.31787,0.63273,0.90074,1.1208,1.4677,1.5222,1.3843,1.3683,1.4857
0,-0.81574,-0.7343,-0.53827,-0.26477,0.030858,0.3122,0.53343,0.79558,1.0403,1.2675,1.4804,1.5596,1.5323,1.4859
0,-0.68673,-0.65753,-0.53559,-0.28922,-0.038372,0.25372,0.575,0.76554,1.1024,1.3375,1.4488,1.3868,1.4159,1.5111
1,-1.007,-0.90373,-0.64604,-0.33774,-0.014665,0.29845,0.60057,0.92635,1.2335,1.5509,1.6036,1.4783,1.4878,1.5766
1,-0.91264,-0.83074,-0.61083,-0.33667,-0.013959,0.31151,0.63721,0.99582,1.2701,1.5498,1.6056,1.5091,1.5129,1.5544
1,-0.77013,-0.79652,-0.60416,-0.35047,-0.05537,0.26329,0.52975,0.78709,1.1278,1.3986,1.5256,1.4889,1.4918,1.4248
1,-0.78145,-0.74728,-0.56377,-0.36444,-0.06368,0.23687,0.53922,0.75815,1.0006,1.2798,1.4638,1.525,1.4875,1.5321
1,-0.74049,-0.67296,-0.51502,-0.26018,0.0132,0.30551,0.57808,0.85309,1.0882,1.3259,1.4987,1.5616,1.5176,1.5053
1,-0.67072,-0.65339,-0.49541,-0.21296,0.065103,0.36172,0.68948,0.86451,1.0295,1.2137,1.4098,1.4813,1.518,1.4312
1,-0.73645,-0.73643,-0.51861,-0.2372,0.082258,0.42395,0.64769,0.88734,1.0384,1.2978,1.3991,1.3991,1.4152,1.3468
0,-0.70352,-0.62188,-0.4168,-0.157,0.12925,0.42119,0.70975,0.94266,1.2071,1.4821,1.597,1.4808,1.4755,1.5839
1,-0.91048,-0.82162,-0.59417,-0.39596,-0.070186,0.25055,0.59215,0.91147,1.2416,1.5062,1.5401,1.4827,1.4861,1.5538
1,-0.91694,-0.84706,-0.64618,-0.37523,-0.063996,0.21286,0.52783,0.88925,1.1115,1.3994,1.5727,1.5076,1.4325,1.5429
1,-0.95051,-0.85498,-0.63394,-0.3285,-0.020499,0.33183,0.58531,0.88142,1.1706,1.4625,1.4497,1.3949,1.4591,1.5646
1,-0.8317,-0.71918,-0.60962,-0.32607,-0.0357,0.31146,0.64543,0.92321,1.1184,1.3525,1.5386,1.5568,1.5561,1.44
1,-0.74584,-0.70829,-0.58004,-0.3263,-0.036947,0.28323,0.60206,0.8614,1.0965,1.3758,1.531,1.5841,1.5296,1.4451
1,-0.90159,-0.80135,-0.5813,-0.28918,0.00977,0.32687,0.62882,0.86742,1.1021,1.343,1.485,1.4906,1.4894,1.4672
1,-0.8777,-0.77703,-0.64889,-0.36615,-0.10995,0.21305,0.50259,0.80762,1.1264,1.4952,1.6453,1.5712,1.4998,1.5678
0,-0.77582,-0.68506,-0.47363,-0.18967,0.090306,0.39322,0.61058,0.87131,1.1346,1.4771,1.5336,1.44,1.4166,1.5328
1,-0.93004,-0.83236,-0.62531,-0.32939,-0.0064459,0.32961,0.6727,0.9792,1.2596,1.5928,1.6062,1.4983,1.4336,1.3969
1,-0.81955,-0.78951,-0.6125,-0.42977,-0.14971,0.13917,0.44494,0.74228,1.0278,1.2969,1.5718,1.6537,1.5487,1.5667
1,-0.89116,-0.79174,-0.64436,-0.40842,-0.18306,0.097011,0.39058,0.72161,1.0102,1.3282,1.6266,1.6419,1.588,1.6094
0,-0.84442,-0.79233,-0.54963,-0.25943,0.061888,0.3632,0.70784,0.97573,1.2719,1.4121,1.4548,1.3958,1.4398,1.3964
0,-0.59804,-0.56782,-0.40251,-0.21477,0.016668,0.3052,0.60857,0.86924,1.1361,1.3899,1.5099,1.5032,1.5089,1.5073
1,-0.84531,-0.75468,-0.54271,-0.27882,0.014828,0.33142,0.63161,0.92517,1.1874,1.4663,1.6542,1.5872,1.5175,1.5461
1,-0.95807,-0.8468,-0.61315,-0.30911,-0.0077931,0.30647,0.65091,0.92508,1.2415,1.4712,1.3855,1.4501,1.6289,1.6299
0,-0.72807,-0.63214,-0.47303,-0.22165,0.046506,0.32755,0.52837,0.85263,1.029,1.275,1.442,1.5159,1.4573,1.3664
1,-0.78972,-0.80413,-0.61054,-0.35845,-0.087066,0.2213,0.54363,0.76626,1.0386,1.2855,1.4764,1.531,1.5307,1.427
1,-0.70198,-0.64173,-0.45504,-0.30915,-0.055767,0.23297,0.54114,0.84854,1.0937,1.3196,1.4456,1.5017,1.5104,1.4271
1,-0.73915,-0.69357,-0.59248,-0.35348,-0.045569,0.25064,0.52161,0.74738,1.0206,1.2762,1.5418,1.628,1.5979,1.4972
1,-0.7847,-0.69206,-0.57961,-0.28084,0.019677,0.3642,0.60285,0.80441,1.0559,1.3349,1.4316,1.3748,1.4314,1.3614
0,-0.82799,-0.74314,-0.60123,-0.32484,-0.0018455,0.30943,0.53118,0.8602,0.93309,1.1366,1.3516,1.5567,1.6973,1.6541
1,-0.88128,-0.80829,-0.56198,-0.26543,0.030638,0.35178,0.61378,0.93806,1.2369,1.4234,1.4407,1.4559,1.4972,1.3486
1,-0.8114,-0.80991,-0.65741,-0.43679,-0.12514,0.18813,0.47991,0.73556,1.0211,1.2677,1.4088,1.4211,1.4042,1.3092
1,-0.881,-0.83997,-0.62874,-0.33747,-0.083927,0.23704,0.4551,0.81544,1.0771,1.3684,1.4888,1.484,1.4935,1.4435
0,-0.90886,-0.8009,-0.70074,-0.40947,-0.14925,0.19132,0.51179,0.81198,1.0699,1.3931,1.6067,1.5219,1.5034,1.6032
1,-0.84542,-0.73862,-0.55066,-0.30412,-0.0053111,0.29029,0.57379,0.82146,1.0748,1.3606,1.516,1.5456,1.5094,1.4792
1,-0.68632,-0.62683,-0.49301,-0.24627,-0.0054453,0.27427,0.533,0.71423,1.0222,1.2824,1.4925,1.5895,1.6154,1.6262
0,-0.82468,-0.71528,-0.4954,-0.28147,0.006877,0.32998,0.63167,0.94018,1.2108,1.4987,1.5657,1.4413,1.4953,1.6094
1,-0.9211,-0.81417,-0.58386,-0.28725,0.022384,0.35136,0.58291,0.87684,1.1198,1.3952,1.61,1.5571,1.4699,1.408
1,-0.76366,-0.69341,-0.55584,-0.31919,-0.052219,0.24009,0.54918,0.79814,1.0565,1.2881,1.5124,1.5307,1.5513,1.47
1,-0.86698,-0.76046,-0.56633,-0.29529,0.0086878,0.29788,0.57532,0.89803,1.1566,1.4207,1.5473,1.5739,1.5136,1.3705
1,-0.83299,-0.74285,-0.54528,-0.27061,0.038274,0.32686,0.58834,0.91768,1.1424,1.3713,1.5079,1.5138,1.4763,1.3195
1,-0.82733,-0.7689,-0.5575,-0.30908,-0.003085,0.27379,0.59799,0.905,1.1726,1.4693,1.6235,1.6172,1.6288,1.5514
1,-0.79751,-0.70427,-0.51842,-0.27437,-0.0013972,0.27207,0.54558,0.81155,1.0625,1.3922,1.5523,1.627,1.5661,1.6112
1,-0.72053,-0.66669,-0.49937,-0.21753,0.038979,0.31659,0.53413,0.79287,1.0329,1.3118,1.5003,1.5536,1.5238,1.3829
1,-0.78931,-0.70036,-0.49787,-0.23685,0.059753,0.34658,0.63626,0.96532,1.1347,1.3247,1.4775,1.5387,1.5053,1.3761
1,-0.85891,-0.86758,-0.66282,-0.37138,-0.084955,0.24783,0.56677,0.81771,1.0578,1.2998,1.4648,1.5387,1.5009,1.4728
1,-0.90855,-0.84936,-0.61036,-0.29401,0.029841,0.31918,0.60387,0.85971,1.1447,1.4099,1.4948,1.4498,1.4623,1.4219
0,-0.81361,-0.71945,-0.52259,-0.31981,-0.024358,0.26167,0.58162,0.89542,1.1625,1.4814,1.5624,1.5066,1.4799,1.5938
1,-0.85089,-0.76255,-0.5447,-0.2759,0.016813,0.30211,0.62929,0.88331,1.1319,1.4312,1.5207,1.4935,1.5128,1.4852
0,-0.63124,-0.56395,-0.47195,-0.25446,0.01364,0.30068,0.59825,0.85417,1.0935,1.3643,1.5053,1.5205,1.5287,1.4515
1,-0.69443,-0.66272,-0.55713,-0.30132,-0.023773,0.25079,0.50252,0.79887,1.0515,1.213,1.3968,1.5925,1.5856,1.5891
1,-0.72832,-0.64694,-0.44666,-0.19311,0.086587,0.39666,0.67252,0.87685,1.1254,1.3771,1.5032,1.5416,1.5627,1.4116
1,-0.91624,-0.82195,-0.57183,-0.29045,-0.00056855,0.30724,0.63079,0.89154,1.1356,1.4719,1.5977,1.5277,1.5292,1.5986
1,-0.80554,-0.7765,-0.59926,-0.36147,-0.087482,0.22239,0.53184,0.74783,1.0373,1.3066,1.4881,1.5177,1.5221,1.4923
0,-0.78413,-0.69671,-0.49794,-0.246,0.015301,0.31698,0.62075,0.87633,1.1274,1.3839,1.5597,1.5202,1.5337,1.498
1,-0.80645,-0.72884,-0.57545,-0.35582,-0.065215,0.25395,0.51205,0.77476,1.0995,1.4029,1.5168,1.4897,1.4925,1.5137
1,-0.80804,-0.80072,-0.55951,-0.39271,-0.08945,0.214,0.51691,0.81049,1.0481,1.2959,1.4633,1.5363,1.507,1.513
1,-0.8994,-0.7851,-0.58621,-0.29214,0.0009821,0.30235,0.58713,0.82381,1.1618,1.4183,1.6157,1.5735,1.5833,1.5916
1,-0.80964,-0.70614,-0.4995,-0.24981,0.05211,0.36027,0.6278,0.92562,1.1638,1.4719,1.5838,1.603,1.5742,1.5762
1,-0.82189,-0.74326,-0.51976,-0.24895,0.026273,0.31574,0.61735,0.85276,1.0844,1.3329,1.4861,1.5316,1.5071,1.4723
1,-0.84142,-0.74159,-0.55283,-0.25236,0.0064572,0.30978,0.57121,0.80686,1.1074,1.3606,1.5135,1.5418,1.5278,1.4017
1,-0.72608,-0.69804,-0.5339,-0.26722,-0.012491,0.25627,0.54705,0.80972,1.0765,1.3511,1.481,1.5351,1.5252,1.4363
1,-0.81058,-0.71685,-0.50018,-0.21626,0.05302,0.38112,0.65437,0.90829,1.2241,1.4528,1.565,1.4932,1.5392,1.4559
1,-0.80106,-0.72921,-0.55847,-0.31097,-0.059187,0.24026,0.54247,0.8256,1.0883,1.3277,1.5237,1.564,1.5186,1.5305
0,-0.65732,-0.59881,-0.46205,-0.21994,0.036028,0.31504,0.56932,0.74462,1.0648,1.3506,1.4631,1.4764,1.4673,1.4613
1,-0.86909,-0.76533,-0.56408,-0.28723,-0.015439,0.24747,0.52029,0.81091,1.0814,1.3364,1.5419,1.4959,1.5138,1.439
0,-0.72505,-0.65367,-0.47198,-0.21986,0.047415,0.34404,0.63118,0.93138,1.249,1.4149,1.5348,1.4643,1.5035,1.4519
1,-0.7399,-0.74671,-0.58714,-0.38894,-0.11378,0.16712,0.4676,0.74175,1.0498,1.3102,1.5024,1.5473,1.5342,1.5275
1,-0.80275,-0.73107,-0.52964,-0.27523,0.010826,0.26307,0.53577,0.81711,1.0647,1.3202,1.5341,1.4915,1.4825,1.5115
1,-0.89505,-0.78843,-0.64668,-0.37414,-0.071226,0.2299,0.53244,0.88175,1.1318,1.3907,1.546,1.5492,1.5749,1.5238
1,-0.77327,-0.70032,-0.53181,-0.31063,-0.017642,0.27984,0.60849,0.86649,1.1325,1.3417,1.5248,1.6082,1.5525,1.5546
1,-0.74877,-0.65791,-0.50108,-0.29101,-0.012195,0.25646,0.56686,0.80683,1.0007,1.2246,1.4503,1.5578,1.5686,1.6065
0,-0.70366,-0.60358,-0.39014,-0.20227,0.077553,0.38788,0.70563,0.95667,1.1985,1.415,1.511,1.4678,1.4959,1.3725
1,-0.86033,-0.78422,-0.56519,-0.30326,0.0060786,0.27984,0.59627,0.83859,1.1262,1.3787,1.5429,1.5347,1.5359,1.4187
1,-0.82689,-0.74745,-0.53477,-0.25807,0.021221,0.33495,0.62418,0.87823,1.2109,1.4344,1.5687,1.4968,1.4889,1.5704
1,-0.85724,-0.73576,-0.51785,-0.31906,-0.023773,0.26245,0.56837,0.78459,1.0301,1.2837,1.5004,1.5828,1.5955,1.5228
0,-0.74158,-0.64864,-0.43283,-0.24735,0.061977,0.38699,0.72063,0.97376,1.2512,1.5121,1.5195,1.4615,1.5258,1.5282
1,-0.70662,-0.62251,-0.49816,-0.24154,0.01052,0.29694,0.60174,0.86538,1.1101,1.3354,1.514,1.5748,1.5366,1.4568
1,-0.79452,-0.7107,-0.50252,-0.23805,0.031818,0.34526,0.63621,0.8739,1.0951,1.325,1.5128,1.5485,1.5474,1.5096
0,-0.8074,-0.71579,-0.49208,-0.22279,0.054443,0.34862,0.60463,0.92486,1.2012,1.413,1.4563,1.4091,1.4366,1.3597
0,-0.7165,-0.63531,-0.49272,-0.26479,0.00039327,0.30167,0.56974,0.87409,1.1773,1.4226,1.5479,1.5202,1.4815,1.5508
1,-0.71656,-0.65544,-0.44861,-0.22641,0.037407,0.34537,0.58346,0.83295,1.0288,1.3469,1.5154,1.5303,1.5229,1.4309
1,-0.83957,-0.76449,-0.54243,-0.31248,-0.046047,0.26083,0.55805,0.86554,1.1135,1.4122,1.5143,1.5046,1.4979,1.5222
1,-0.95875,-0.85878,-0.62014,-0.33983,-0.13966,0.16241,0.44564,0.79229,1.07,1.3778,1.5739,1.5862,1.5946,1.6531
1,-0.72993,-0.64284,-0.46182,-0.28903,-0.05796,0.27284,0.55466,0.77385,1.0743,1.3733,1.5166,1.5509,1.5614,1.4428
1,-0.68713,-0.65409,-0.44679,-0.28746,-0.0046516,0.28073,0.51494,0.74646,0.96057,1.2394,1.4174,1.4275,1.4132,1.2435
1,-0.858,-0.79179,-0.55443,-0.32558,-0.060805,0.26152,0.54396,0.87576,1.139,1.3941,1.5528,1.5993,1.5453,1.52
1,-0.80388,-0.73329,-0.53271,-0.28013,0.0063107,0.30892,0.53932,0.8134,1.0139,1.2893,1.4548,1.4869,1.4365,1.3687
0,-0.71951,-0.65417,-0.45145,-0.20093,0.085039,0.38175,0.66186,0.91704,1.2065,1.4588,1.5632,1.5248,1.4966,1.5451
1,-0.83419,-0.7134,-0.59452,-0.363,-0.06879,0.20696,0.47853,0.80704,1.0661,1.3483,1.4887,1.5341,1.5123,1.5109
1,-0.78872,-0.72268,-0.54195,-0.28496,-0.019046,0.27579,0.56358,0.87125,1.169,1.3794,1.5399,1.5631,1.5502,1.4438
1,-0.7716,-0.7078,-0.50758,-0.22724,0.039453,0.37229,0.63394,0.855,1.1066,1.3169,1.4454,1.5236,1.4773,1.3608
1,-0.91206,-0.82444,-0.58756,-0.32094,-0.066111,0.24732,0.57032,0.81348,1.1483,1.344,1.5263,1.5425,1.5413,1.4313
1,-0.85939,-0.76566,-0.5637,-0.29155,0.0090419,0.30425,0.60562,0.93086,1.185,1.483,1.5783,1.5181,1.5357,1.5173
1,-0.92737,-0.80956,-0.63244,-0.41107,-0.11302,0.18282,0.48712,0.8318,1.108,1.4617,1.5189,1.4784,1.4744,1.4139
1,-0.74712,-0.67725,-0.59106,-0.34339,-0.038267,0.26915,0.50994,0.74046,1.0791,1.3192,1.4502,1.4561,1.4685,1.4256
1,-0.7609,-0.66713,-0.48318,-0.21798,0.085996,0.38174,0.63271,0.82946,1.0416,1.2652,1.4292,1.4022,1.4417,1.3114
1,-0.89013,-0.85292,-0.64174,-0.38735,-0.079076,0.21135,0.53056,0.85375,1.14,1.3866,1.6339,1.5736,1.5031,1.5554
1,-0.75859,-0.68046,-0.51467,-0.26633,-0.031257,0.29177,0.57908,0.77572,1.0157,1.3115,1.4864,1.5479,1.5675,1.5753
1,-0.79971,-0.72795,-0.53644,-0.2752,0.017805,0.30853,0.60948,0.8344,1.1107,1.3185,1.4547,1.4926,1.5099,1.4437
1,-0.98098,-0.85164,-0.62386,-0.39544,-0.066272,0.26784,0.5743,0.93589,1.2051,1.5337,1.6466,1.5407,1.5697,1.6714
1,-0.66836,-0.59745,-0.42181,-0.25404,-0.024788,0.29083,0.59515,0.84542,1.0747,1.2836,1.4743,1.5748,1.5512,1.4977
1,-0.80007,-0.75254,-0.54358,-0.28749,-0.01624,0.2929,0.51266,0.78394,1.0901,1.3957,1.4588,1.4514,1.4625,1.3361
1,-0.59631,-0.56549,-0.395,-0.14046,0.12923,0.42493,0.62319,0.89556,1.146,1.3488,1.4659,1.4922,1.416,1.3099
0,-0.82957,-0.72024,-0.57737,-0.32026,-0.046555,0.27891,0.59147,0.91349,1.1893,1.4054,1.4906,1.3998,1.4122,1.431
1,-0.70677,-0.69957,-0.48809,-0.24077,0.067096,0.32489,0.59089,0.87131,1.072,1.2824,1.4686,1.5315,1.549,1.4199
1,-0.78547,-0.71821,-0.51175,-0.2584,0.029779,0.32796,0.59336,0.85807,1.1432,1.4254,1.5705,1.5246,1.5325,1.5456
1,-0.84003,-0.75434,-0.62467,-0.34014,-0.035429,0.27399,0.60107,0.8857,1.2255,1.5222,1.5462,1.4381,1.4648,1.5245
1,-0.71335,-0.6322,-0.43049,-0.25273,0.026132,0.2653,0.47858,0.73664,0.97418,1.2571,1.4213,1.4869,1.4753,1.41
1,-0.63915,-0.64673,-0.4755,-0.25606,0.013341,0.3027,0.60371,0.84203,1.1119,1.3447,1.5154,1.5917,1.5917,1.5021
1,-0.80933,-0.73662,-0.54183,-0.28445,-0.0087011,0.27565,0.61022,0.92701,1.1851,1.4759,1.6016,1.4956,1.4559,1.5285
1,-0.93539,-0.85778,-0.69197,-0.38316,-0.05455,0.29058,0.63086,0.98926,1.2859,1.3839,1.3159,1.3043,1.4071,1.2556
1,-0.77321,-0.6957,-0.48317,-0.22601,0.064635,0.37423,0.59565,0.8401,1.0942,1.3508,1.494,1.5139,1.4962,1.4757
1,-0.85682,-0.76966,-0.56985,-0.29394,-0.015032,0.30512,0.61105,0.83616,1.1783,1.4571,1.555,1.4996,1.5187,1.5246
1,-0.81822,-0.73006,-0.60532,-0.33478,-0.031366,0.26181,0.58629,0.84528,1.1064,1.43,1.5331,1.4502,1.4615,1.5025
1,-0.88775,-0.79508,-0.62458,-0.35375,-0.048521,0.27203,0.52394,0.78119,1.0322,1.3244,1.5532,1.5225,1.4752,1.5267
1,-0.97254,-0.87284,-0.63735,-0.36956,-0.048862,0.28391,0.62322,0.96649,1.3121,1.5216,1.554,1.5179,1.5915,1.523
0,-0.68689,-0.60645,-0.48761,-0.34126,-0.070233,0.22887,0.52899,0.79096,1.0613,1.3155,1.4653,1.4846,1.4607,1.4396
1,-0.91708,-0.8203,-0.60423,-0.31541,-0.024915,0.25884,0.57205,0.90968,1.2273,1.5063,1.5465,1.4861,1.5138,1.5759
1,-0.73133,-0.63235,-0.429,-0.15898,0.13768,0.33967,0.57378,0.8488,1.0725,1.3073,1.3928,1.4702,1.4201,1.2953
1,-0.76246,-0.72588,-0.56266,-0.30043,-0.0355,0.23682,0.51093,0.77209,1.009,1.2619,1.4054,1.5294,1.538,1.4446
1,-0.85277,-0.7712,-0.59189,-0.34035,-0.022896,0.24438,0.52948,0.81136,1.159,1.4331,1.633,1.564,1.5211,1.6096
1,-0.86694,-0.77334,-0.6022,-0.3578,-0.043064,0.26596,0.55839,0.85082,1.1049,1.407,1.6055,1.6214,1.5848,1.6152
0,-0.74092,-0.68646,-0.56105,-0.30577,-0.065889,0.24926,0.56666,0.8451,1.1113,1.4001,1.5701,1.5631,1.5268,1.5725
0,-0.70457,-0.64923,-0.54092,-0.30783,-0.018106,0.26366,0.57313,0.8672,0.98451,1.1866,1.4282,1.549,1.5294,1.5185
1,-0.85803,-0.78602,-0.58721,-0.41023,-0.10389,0.20848,0.54263,0.87443,1.2105,1.5015,1.4437,1.3236,1.4472,1.4524
1,-0.78642,-0.72431,-0.5108,-0.2885,0.0086222,0.317,0.66126,0.92779,1.2022,1.4478,1.6202,1.5462,1.5505,1.5084
1,-0.71113,-0.64703,-0.47145,-0.20593,0.073944,0.39322,0.62937,0.90543,1.0989,1.3348,1.4605,1.4652,1.4167,1.2925
1,-0.84059,-0.77254,-0.608,-0.3295,-0.044166,0.25524,0.57452,0.84717,1.0594,1.3296,1.4965,1.5008,1.4984,1.4262
1,-0.75422,-0.66206,-0.53978,-0.26442,0.011393,0.31684,0.59065,0.87414,1.1087,1.3749,1.5057,1.4985,1.515,1.4519
0,-0.65459,-0.57543,-0.40578,-0.161,0.10216,0.37397,0.63111,0.88861,1.1367,1.4099,1.5044,1.5022,1.4921,1.4313
1,-0.92862,-0.83081,-0.59657,-0.32606,-0.0040754,0.29776,0.63568,0.94149,1.1997,1.5096,1.6164,1.5929,1.6421,1.6045
1,-0.7893,-0.73816,-0.53986,-0.27618,0.037852,0.33782,0.60356,0.84691,1.0985,1.3315,1.499,1.5424,1.5556,1.482
1,-0.82243,-0.73864,-0.53984,-0.26556,0.041492,0.33964,0.6513,0.96291,1.2564,1.4861,1.5647,1.5255,1.5354,1.5225
1,-0.91016,-0.82899,-0.61609,-0.3277,-0.027306,0.25396,0.56998,0.80623,1.1301,1.4565,1.6412,1.5908,1.5857,1.5187
1,-0.87526,-0.78095,-0.5663,-0.35172,-0.076878,0.2183,0.53125,0.86724,1.1905,1.5124,1.5964,1.5158,1.5197,1.5719
1,-0.79364,-0.69904,-0.62001,-0.31997,-0.052604,0.24948,0.54529,0.81877,1.1062,1.3026,1.4825,1.514,1.4648,1.3811
0,-0.67245,-0.60672,-0.42402,-0.18788,-0.013653,0.27292,0.52295,0.7647,1.0757,1.3465,1.5118,1.4735,1.4118,1.4418
1,-0.75907,-0.72945,-0.53072,-0.27447,-0.017849,0.26639,0.58396,0.87587,1.142,1.3263,1.4852,1.5202,1.5224,1.4096
1,-0.70853,-0.64298,-0.44615,-0.27288,-0.068885,0.24659,0.52712,0.79593,1.0562,1.3074,1.4679,1.5494,1.5429,1.4515
1,-0.82231,-0.73163,-0.55392,-0.29824,-0.020754,0.26346,0.56454,0.77609,1.075,1.3342,1.5068,1.5064,1.5097,1.4614
0,-0.73948,-0.70833,-0.50033,-0.29045,-0.017732,0.28227,0.58038,0.86287,1.1744,1.451,1.6466,1.6249,1.5859,1.6448
1,-0.86786,-0.81467,-0.57051,-0.28553,0.021635,0.3597,0.62834,0.85406,1.1359,1.3529,1.5501,1.544,1.579,1.4959
0,-0.72231,-0.63723,-0.4695,-0.20632,0.06782,0.35026,0.56102,0.87521,1.1098,1.3884,1.487,1.4768,1.4388,1.5027
0,-0.78533,-0.7503,-0.55129,-0.27018,0.010781,0.2954,0.55741,0.85622,1.1099,1.3151,1.522,1.4738,1.4518,1.5299
1,-0.70392,-0.63203,-0.44415,-0.23218,0.028518,0.3291,0.59422,0.84921,1.085,1.3294,1.4762,1.5411,1.5375,1.4575
0,-0.71425,-0.62848,-0.44092,-0.20331,0.069495,0.35399,0.64495,0.92791,1.164,1.4194,1.6512,1.5952,1.5326,1.656
0,-0.98964,-0.89697,-0.66477,-0.44585,-0.16574,0.14454,0.46815,0.78114,1.0743,1.3632,1.5269,1.6069,1.6298,1.7016
1,-0.83908,-0.77238,-0.5678,-0.31578,-0.021235,0.27627,0.56045,0.84131,1.0823,1.3898,1.5587,1.5876,1.5957,1.5957
1,-0.89738,-0.8128,-0.5891,-0.31573,-0.0144,0.28631,0.57039,0.8162,1.1641,1.4235,1.6175,1.5578,1.5347,1.6195
1,-0.89644,-0.79302,-0.57853,-0.34619,-0.03928,0.29616,0.60842,0.90985,1.1757,1.4839,1.5995,1.5499,1.5522,1.5462
1,-0.82253,-0.7605,-0.61083,-0.32762,-0.053449,0.24289,0.55643,0.89556,1.1701,1.4782,1.5879,1.6148,1.5551,1.6007
1,-0.85605,-0.76215,-0.57589,-0.31633,-0.010579,0.23226,0.55421,0.84153,1.1185,1.4525,1.6025,1.5486,1.5625,1.6057
0,-0.67098,-0.60071,-0.47614,-0.2381,0.041831,0.35251,0.62708,0.86909,1.1232,1.3793,1.6058,1.5297,1.4986,1.5502
1,-0.89604,-0.8615,-0.63492,-0.3784,-0.1312,0.20179,0.53164,0.83217,1.1166,1.4094,1.626,1.5207,1.525,1.5746
0,-0.70454,-0.685,-0.50821,-0.26731,0.021073,0.29074,0.58563,0.82459,1.1063,1.3379,1.5708,1.5761,1.498,1.4825
1,-0.89569,-0.86802,-0.65007,-0.36344,-0.11278,0.19548,0.52066,0.83211,1.0892,1.3261,1.5879,1.5756,1.4846,1.5045
1,-0.88913,-0.80412,-0.59243,-0.31597,-0.0084897,0.30725,0.62576,0.92814,1.1355,1.4632,1.6167,1.5031,1.4953,1.5647
1,-0.60706,-0.55342,-0.38605,-0.13083,0.12637,0.41704,0.70159,0.92116,1.129,1.2852,1.4452,1.5174,1.5565,1.4508
1,-0.84878,-0.75648,-0.53978,-0.33806,-0.056065,0.29148,0.63188,0.9782,1.2573,1.496,1.5172,1.4373,1.4823,1.5579
1,-0.91711,-0.82167,-0.60404,-0.31434,-0.017565,0.31522,0.60773,0.95004,1.2765,1.5519,1.6277,1.5461,1.483,1.549
0,-0.96342,-0.87498,-0.6555,-0.38644,-0.11853,0.19693,0.51958,0.78439,1.1023,1.3929,1.5755,1.586,1.5573,1.6037
0,-0.75526,-0.65605,-0.44083,-0.18397,0.10089,0.40517,0.70002,0.94976,1.2635,1.4819,1.478,1.44,1.4855,1.4136
1,-0.93663,-0.82705,-0.61472,-0.31959,-0.10099,0.21361,0.54761,0.86096,1.1628,1.4656,1.5209,1.5472,1.473,1.4684
1,-0.90075,-0.82157,-0.6742,-0.40825,-0.087051,0.24042,0.55776,0.88145,1.2093,1.4981,1.5552,1.4865,1.4919,1.5603
1,-0.92561,-0.89129,-0.63781,-0.35117,-0.040874,0.28072,0.58837,0.92616,1.2594,1.5374,1.6416,1.5529,1.5462,1.6402
0,-0.96698,-0.84909,-0.63843,-0.32816,-0.0075157,0.31945,0.60877,0.92211,1.1418,1.2043,1.343,1.4798,1.4727,1.3217
1,-0.86318,-0.78934,-0.66067,-0.37319,-0.056901,0.27283,0.55127,0.81784,1.0914,1.3701,1.5896,1.6099,1.5839,1.5669
0,-0.81766,-0.74683,-0.54026,-0.25885,0.00971,0.23894,0.50568,0.68347,0.9498,1.2486,1.5252,1.5947,1.5254,1.5577
1,-0.91386,-0.80052,-0.59372,-0.31309,0.002237,0.32166,0.59102,0.87795,1.151,1.4465,1.6884,1.656,1.5365,1.6264
1,-0.85809,-0.77793,-0.59293,-0.32087,-0.016636,0.29326,0.62025,0.91455,1.163,1.4297,1.5513,1.56,1.5849,1.4907
1,-0.88261,-0.77907,-0.57438,-0.29795,0.0047063,0.32051,0.56297,0.84507,1.1334,1.4262,1.5862,1.5756,1.6023,1.5662
0,-0.7539,-0.67454,-0.44403,-0.17219,0.10822,0.43498,0.73214,1.0216,1.2697,1.4533,1.537,1.4436,1.471,1.3714
1,-0.76818,-0.68915,-0.48944,-0.24514,0.044012,0.32632,0.63855,0.90626,1.0803,1.3328,1.5003,1.4753,1.4807,1.4515
1,-0.93457,-0.83917,-0.63375,-0.36929,-0.085005,0.21855,0.52821,0.82068,1.034,1.3768,1.645,1.6727,1.5785,1.6153
0,-0.98718,-0.89843,-0.67345,-0.39858,-0.10549,0.2145,0.51359,0.83244,1.0923,1.3937,1.5751,1.6611,1.6675,1.6217
1,-0.76275,-0.70561,-0.51792,-0.24682,-0.0015885,0.30551,0.59082,0.85433,1.0666,1.32,1.4911,1.5716,1.5745,1.5321
1,-0.64381,-0.63108,-0.4677,-0.22348,0.067046,0.3679,0.62771,0.86445,1.0819,1.2475,1.3885,1.4867,1.4708,1.374
1,-0.88554,-0.79664,-0.57804,-0.28202,-0.033179,0.25901,0.58173,0.91348,1.1951,1.4822,1.6439,1.5344,1.5133,1.5997
1,-0.72068,-0.66764,-0.48739,-0.22787,0.037708,0.32246,0.62869,0.81989,1.0536,1.3008,1.4634,1.5309,1.4979,1.3877
1,-0.766,-0.68746,-0.4794,-0.32459,-0.046769,0.26432,0.53324,0.75015,0.96507,1.2347,1.423,1.4699,1.467,1.4604
0,-0.77499,-0.69911,-0.49021,-0.23523,0.049674,0.30643,0.58155,0.78782,1.0184,1.2885,1.5059,1.6167,1.5725,1.556
1,-0.63464,-0.54422,-0.47018,-0.26741,-0.076735,0.2097,0.5169,0.77559,1.0119,1.2772,1.4366,1.4889,1.4855,1.3811
1,-0.72146,-0.60021,-0.41707,-0.25294,0.037536,0.31953,0.5338,0.78139,1.0151,1.2542,1.4612,1.5725,1.5822,1.5045
0,-0.76791,-0.70954,-0.497,-0.20364,0.07543,0.33401,0.61964,0.89397,1.1802,1.3778,1.4106,1.3509,1.4276,1.3701
1,-0.79291,-0.71907,-0.51948,-0.2567,0.013818,0.31659,0.60916,0.87778,1.1602,1.4385,1.5623,1.5379,1.5512,1.5147
1,-0.81814,-0.72509,-0.61542,-0.37222,-0.089519,0.20177,0.42428,0.70562,0.93801,1.2067,1.4278,1.5079,1.5251,1.4151
1,-0.95476,-0.85427,-0.62318,-0.33476,-0.035482,0.27975,0.60098,0.87542,1.2182,1.5298,1.4736,1.4625,1.51,1.5631
1,-0.65711,-0.58174,-0.41418,-0.17432,0.091517,0.38691,0.65378,0.87712,1.1446,1.3518,1.4296,1.4238,1.446,1.3687
0,-0.54015,-0.47089,-0.30095,-0.085512,0.16693,0.4013,0.66451,0.88256,1.1416,1.3681,1.4948,1.494,1.5106,1.4423
0,-0.50586,-0.4761,-0.31573,-0.10356,0.12628,0.38486,0.63784,0.90675,1.0653,1.2913,1.4974,1.5514,1.5056,1.532
0,-0.55528,-0.48001,-0.2829,-0.10916,0.14278,0.41336,0.67618,0.90099,1.1936,1.4405,1.4546,1.3897,1.4298,1.4392
0,-0.6779,-0.58192,-0.35431,-0.096556,0.17586,0.41954,0.66408,0.95175,1.1949,1.3934,1.4467,1.4743,1.4561,1.4542
0,-0.57696,-0.49432,-0.31912,-0.1003,0.14643,0.38847,0.63312,0.873,1.1512,1.394,1.5537,1.484,1.4731,1.5286
0,-0.59782,-0.51811,-0.31471,-0.062553,0.18815,0.47051,0.74162,0.96443,1.1984,1.3403,1.3931,1.4176,1.4978,1.3382
0,-0.59843,-0.492,-0.3211,-0.085923,0.16289,0.44987,0.69854,0.92617,1.21,1.401,1.4555,1.4447,1.5002,1.4186
0,-0.55665,-0.52868,-0.40394,-0.22347,-0.0013517,0.22993,0.50373,0.78639,1.0383,1.28,1.4981,1.4581,1.4391,1.4929
0,-0.4966,-0.43624,-0.27325,-0.10134,0.13663,0.38994,0.65176,0.92313,1.1557,1.3855,1.4856,1.3756,1.3893,1.4088
1,-0.59047,-0.54544,-0.35694,-0.11857,0.15292,0.4199,0.68091,0.93011,1.1801,1.4567,1.5402,1.4469,1.4791,1.5486
1,-0.54078,-0.46844,-0.33692,-0.10323,0.15645,0.4179,0.67416,0.92427,1.0927,1.2869,1.4045,1.4411,1.4193,1.4723
0,-0.50702,-0.43889,-0.26813,-0.072856,0.15785,0.43003,0.69014,0.932,1.1327,1.3648,1.5247,1.493,1.3827,1.4258
0,-0.58374,-0.5072,-0.31558,-0.12391,0.14905,0.39679,0.65405,0.89608,1.1726,1.3856,1.5603,1.4975,1.4816,1.5393
1,-0.58662,-0.50392,-0.32546,-0.12202,0.12025,0.38237,0.64927,0.90193,1.1353,1.384,1.5462,1.4781,1.4346,1.5716
1,-0.52431,-0.45729,-0.2788,-0.060195,0.16455,0.42266,0.68717,0.93152,1.1545,1.379,1.582,1.5377,1.4153,1.4916
0,-0.57335,-0.50406,-0.31633,-0.083727,0.16799,0.41452,0.67896,0.922,1.1443,1.3699,1.4767,1.4752,1.4342,1.4376
0,-0.56871,-0.51409,-0.3374,-0.09239,0.13343,0.37164,0.65985,0.89751,1.1329,1.3454,1.4624,1.5067,1.4802,1.4814
0,-0.60353,-0.52544,-0.33244,-0.10271,0.15472,0.42777,0.69993,0.95241,1.2079,1.4746,1.492,1.4296,1.4883,1.4751
1,-0.58572,-0.51085,-0.34076,-0.088944,0.17697,0.45019,0.72728,0.95799,1.138,1.3842,1.4757,1.4528,1.4241,1.4899
1,-0.55959,-0.52478,-0.33229,-0.083651,0.11989,0.39972,0.64814,0.88233,1.1077,1.3148,1.5062,1.4465,1.4451,1.5379
1,-0.65035,-0.54612,-0.36514,-0.13689,0.066787,0.2976,0.57119,0.80812,1.0184,1.2479,1.4811,1.5356,1.4973,1.4987
0,-0.6948,-0.58617,-0.36658,-0.114,0.15025,0.41981,0.68362,0.9565,1.1966,1.428,1.5474,1.5012,1.451,1.4349
1,-0.5888,-0.49557,-0.30065,-0.10107,0.1813,0.43703,0.69424,0.94581,1.1904,1.3546,1.323,1.3289,1.4712,1.5309
1,-0.59721,-0.50896,-0.31404,-0.11634,0.1514,0.3931,0.65234,0.90787,1.1597,1.3917,1.5529,1.4785,1.5208,1.6204
1,-0.68111,-0.562,-0.38429,-0.12612,0.15681,0.43194,0.70445,0.97433,1.219,1.4546,1.5839,1.524,1.5109,1.5026
1,-0.61307,-0.5182,-0.32504,-0.11393,0.15838,0.39755,0.62909,0.9025,1.1368,1.3597,1.4742,1.4503,1.5104,1.4316
1,-0.62163,-0.52515,-0.32149,-0.071727,0.15717,0.42801,0.68784,0.92607,1.1446,1.3831,1.5606,1.4441,1.3936,1.4926
0,-0.4433,-0.37446,-0.20251,0.010894,0.26535,0.50295,0.71138,0.9082,1.0968,1.2472,1.383,1.3782,1.3737,1.2569
0,-0.51118,-0.43709,-0.27699,-0.041821,0.21047,0.47202,0.72904,0.97283,1.1665,1.384,1.4208,1.3722,1.3844,1.259
1,-0.55837,-0.53029,-0.36496,-0.15476,0.089636,0.34708,0.60321,0.84477,1.0256,1.227,1.4358,1.4484,1.3364,1.4449
1,-0.54012,-0.46644,-0.2941,-0.062452,0.18667,0.43143,0.71119,0.9464,1.1639,1.4062,1.5089,1.431,1.4221,1.5225
1,-0.56443,-0.47508,-0.29188,-0.03287,0.23701,0.50545,0.71356,0.93758,1.1213,1.3247,1.4696,1.3818,1.3383,1.3372
0,-0.55995,-0.52607,-0.32501,-0.10861,0.1502,0.41873,0.66537,0.93849,1.1364,1.4275,1.4799,1.3956,1.417,1.5088
0,-0.57158,-0.52124,-0.32552,-0.11623,0.14191,0.42381,0.67911,0.9305,1.1363,1.3574,1.486,1.4813,1.488,1.4849
1,-0.58149,-0.49552,-0.30951,-0.059968,0.19606,0.40856,0.67725,0.87348,1.1105,1.3326,1.454,1.4242,1.4067,1.4062
1,-0.58209,-0.49141,-0.30617,-0.077532,0.15083,0.42759,0.66986,0.86253,1.1122,1.3653,1.46,1.3685,1.3941,1.4773
1,-0.57386,-0.48076,-0.3011,-0.080301,0.17574,0.43952,0.68901,0.94906,1.1627,1.432,1.4582,1.3714,1.4387,1.5063
0,-0.52255,-0.44515,-0.28736,-0.078836,0.16183,0.43008,0.66988,0.91593,1.1446,1.4216,1.5602,1.4921,1.4315,1.4689
1,-0.57305,-0.54244,-0.32744,-0.081652,0.13418,0.39878,0.66457,0.91544,1.1527,1.4086,1.4433,1.4087,1.4551,1.4536
0,-0.57024,-0.48676,-0.29258,-0.067177,0.19043,0.44906,0.70491,0.97126,1.2154,1.4669,1.5004,1.4034,1.3802,1.4719
1,-0.55181,-0.48597,-0.30209,-0.12118,0.097876,0.3563,0.62663,0.8694,1.1088,1.3345,1.5289,1.4996,1.4504,1.444
1,-0.63783,-0.55616,-0.34653,-0.1191,0.11363,0.3593,0.62653,0.85625,1.0908,1.3159,1.4547,1.463,1.4616,1.3902
1,-0.5734,-0.53078,-0.34076,-0.15572,0.11387,0.39212,0.64033,0.91021,1.1427,1.3918,1.5462,1.4852,1.4798,1.4646
1,-0.55296,-0.47483,-0.31287,-0.087749,0.16608,0.42198,0.69728,0.94912,1.1731,1.3994,1.4782,1.4476,1.4717,1.4184
0,-0.47167,-0.40253,-0.22792,-0.039146,0.20992,0.45508,0.62049,0.84418,1.0755,1.2369,1.3831,1.4706,1.4475,1.4278
0,-0.40641,-0.34711,-0.25687,-0.055829,0.1842,0.42167,0.67189,0.87979,1.0655,1.251,1.4077,1.4638,1.4647,1.3672
0,-0.51144,-0.47382,-0.36314,-0.14325,0.088789,0.32118,0.5912,0.82983,1.0588,1.2061,1.3667,1.4759,1.4862,1.4935
0,-0.50851,-0.441,-0.25098,-0.10989,0.13622,0.40207,0.66459,0.93327,1.1857,1.3998,1.5069,1.4198,1.4249,1.4854
0,-0.6132,-0.5252,-0.32181,-0.093211,0.15128,0.40163,0.63838,0.88225,1.1015,1.3497,1.5162,1.4496,1.4411,1.4847
1,-0.58166,-0.48344,-0.3334,-0.10542,0.12205,0.36512,0.64259,0.90451,1.1244,1.3625,1.5382,1.4796,1.4381,1.4212
1,-0.56136,-0.50835,-0.31671,-0.12749,0.10609,0.38574,0.63755,0.8853,1.0745,1.2973,1.4212,1.4493,1.4622,1.3878
1,-0.63492,-0.53147,-0.3221,-0.10651,0.16375,0.43467,0.71629,0.95834,1.1702,1.4453,1.4317,1.3998,1.4751,1.4401
1,-0.5575,-0.50831,-0.29852,-0.088416,0.18878,0.45983,0.71015,0.93825,1.1588,1.3954,1.4553,1.3044,1.3824,1.4132
0,-0.39624,-0.34763,-0.2574,-0.095944,0.10158,0.34836,0.55264,0.82662,0.99794,1.2061,1.3717,1.4326,1.4312,1.3549
0,-0.46948,-0.42111,-0.25543,-0.019324,0.19328,0.4476,0.64603,0.90556,1.0786,1.2895,1.43,1.4609,1.4422,1.3332
0,-0.5958,-0.51407,-0.36428,-0.15647,0.10247,0.3699,0.63022,0.90453,1.1427,1.3482,1.406,1.5358,1.5897,1.4214
0,-0.63424,-0.53566,-0.31366,-0.059015,0.2229,0.49439,0.76414,1.0233,1.2712,1.4489,1.4576,1.3867,1.3392,1.3407
1,-0.6327,-0.54155,-0.32705,-0.078859,0.15895,0.43833,0.68627,0.95189,1.2318,1.4438,1.5043,1.4576,1.4694,1.4559
1,-0.51805,-0.44137,-0.28796,-0.059931,0.15328,0.37097,0.64816,0.89943,1.1461,1.3486,1.515,1.4379,1.4329,1.5356
1,-0.57828,-0.51911,-0.36744,-0.10317,0.16929,0.45019,0.70679,0.92009,1.1035,1.3339,1.4609,1.4763,1.3614,1.4436
1,-0.62569,-0.54215,-0.34552,-0.1589,0.11915,0.36595,0.63426,0.87718,1.1192,1.3193,1.4836,1.4883,1.5017,1.4906
1,-0.6498,-0.53868,-0.32933,-0.091246,0.13592,0.40636,0.6819,0.92021,1.1634,1.3903,1.4755,1.4423,1.4977,1.4384
1,-0.57449,-0.49135,-0.30088,-0.063345,0.16368,0.43297,0.65259,0.92371,1.1624,1.4043,1.5482,1.4813,1.4613,1.3495
1,-0.68328,-0.57215,-0.35306,-0.13557,0.13105,0.40244,0.68529,0.93619,1.1805,1.3914,1.5268,1.5083,1.5613,1.5286
1,-0.59588,-0.53693,-0.36035,-0.12349,0.10777,0.38456,0.6473,0.91438,1.1005,1.3563,1.481,1.3983,1.484,1.5042
1,-0.62446,-0.53617,-0.32045,-0.063337,0.20983,0.49035,0.72254,0.96735,1.2036,1.4076,1.4205,1.3888,1.3587,1.3202
1,-0.52195,-0.44389,-0.26846,-0.042542,0.19495,0.43231,0.68861,0.94347,1.1419,1.3856,1.4687,1.4092,1.4246,1.4443
1,-0.57011,-0.48547,-0.28975,-0.089324,0.16417,0.42689,0.70604,0.9463,1.182,1.3778,1.5244,1.4801,1.5469,1.5003
1,-0.56772,-0.52298,-0.33107,-0.094315,0.16334,0.42488,0.68381,0.93741,1.1201,1.3427,1.5003,1.4282,1.3972,1.4936
0,-0.59157,-0.49532,-0.31441,-0.12374,0.11246,0.37628,0.63267,0.8694,1.1311,1.3673,1.5372,1.5201,1.5177,1.4773
0,-0.51827,-0.43444,-0.2729,-0.095083,0.14687,0.39542,0.61052,0.84408,1.084,1.314,1.3928,1.3932,1.4,1.4188
0,-0.55939,-0.48259,-0.34155,-0.11866,0.12273,0.35573,0.6334,0.86494,1.1024,1.344,1.524,1.4778,1.4764,1.5298
0,-0.62283,-0.52984,-0.32718,-0.083383,0.18146,0.44057,0.71053,0.9743,1.2572,1.4993,1.4791,1.4315,1.4719,1.4633
0,-0.49847,-0.45797,-0.28493,-0.085432,0.16044,0.42188,0.71287,0.9343,1.1988,1.4382,1.4594,1.3881,1.4739,1.4348
0,-0.59678,-0.4985,-0.28615,-0.034554,0.24227,0.5275,0.81716,1.0765,1.3564,1.437,1.3652,1.4005,1.4375,1.258
0,-0.65929,-0.53898,-0.39525,-0.20331,0.06856,0.34994,0.6065,0.84414,1.1148,1.3412,1.365,1.4533,1.4979,1.538
0,-0.64134,-0.53753,-0.32378,-0.058337,0.21338,0.46774,0.72551,0.98243,1.1716,1.4292,1.4534,1.4125,1.4554,1.4684
1,-0.60883,-0.52697,-0.35782,-0.11729,0.15107,0.42843,0.69335,0.89844,1.1612,1.4029,1.3779,1.3768,1.4034,1.4332
1,-0.54229,-0.46594,-0.30124,-0.055779,0.20143,0.45229,0.69731,0.9375,1.1708,1.3496,1.3991,1.3693,1.4577,1.4384
1,-0.66888,-0.56175,-0.33355,-0.075344,0.19734,0.4312,0.68615,0.91291,1.0999,1.3581,1.5059,1.4233,1.4036,1.4602
1,-0.59327,-0.50898,-0.30231,-0.057921,0.1944,0.45249,0.73199,0.95181,1.1471,1.3489,1.5161,1.4516,1.4156,1.5004
1,-0.59917,-0.5092,-0.32879,-0.092491,0.13436,0.39262,0.6658,0.88959,1.1365,1.3598,1.5104,1.4181,1.3899,1.4338
1,-0.58434,-0.49688,-0.31562,-0.072553,0.16835,0.4234,0.69828,0.94463,1.1603,1.4055,1.595,1.4703,1.3808,1.4883
1,-0.61168,-0.52867,-0.32841,-0.096964,0.16869,0.42654,0.6671,0.88903,1.0524,1.3132,1.4775,1.4637,1.4386,1.5348
0,-0.69132,-0.56197,-0.30729,-0.01656,0.24912,0.54571,0.79691,1.0748,1.2986,1.3173,1.3591,1.4576,1.1958,0.95183
1,-0.6394,-0.53356,-0.3348,-0.089767,0.17726,0.42241,0.68967,0.92662,1.1345,1.3755,1.488,1.4189,1.4353,1.5357
1,-0.59697,-0.51552,-0.32608,-0.084541,0.127,0.39126,0.62524,0.87668,1.0803,1.2724,1.493,1.4672,1.384,1.4637
1,-0.58966,-0.49196,-0.34802,-0.13995,0.12101,0.39748,0.64461,0.89677,1.1167,1.3793,1.4551,1.3631,1.4049,1.4467
0,-0.43378,-0.38692,-0.24169,-0.049569,0.18634,0.40529,0.64141,0.85325,1.0288,1.1596,1.3028,1.4077,1.4135,1.3715
0,-0.42261,-0.36194,-0.26061,-0.069754,0.16189,0.41895,0.6615,0.8926,1.0758,1.2682,1.4234,1.5058,1.4618,1.3946
0,-0.5117,-0.42108,-0.25197,-0.066869,0.14781,0.37491,0.64844,0.88492,1.047,1.255,1.4291,1.4806,1.4846,1.422
0,-0.43478,-0.41499,-0.27986,-0.098176,0.1568,0.40543,0.63493,0.84973,1.0615,1.2813,1.4653,1.5215,1.5408,1.4283
0,-0.48905,-0.41759,-0.32128,-0.089274,0.16323,0.41718,0.67893,0.90031,1.1283,1.3644,1.3801,1.3731,1.4278,1.3655
0,-0.50853,-0.50238,-0.32532,-0.099243,0.17021,0.43575,0.68014,0.96983,1.2042,1.4436,1.4124,1.3824,1.4441,1.4233
0,-0.5111,-0.4218,-0.32139,-0.089082,0.17882,0.45889,0.69187,0.98005,1.2107,1.4043,1.3612,1.3201,1.431,1.4677
1,-0.55718,-0.53179,-0.34805,-0.10854,0.16559,0.41999,0.6816,0.90239,1.187,1.4335,1.4606,1.3744,1.3861,1.4884
1,-0.57145,-0.48997,-0.29145,-0.10595,0.14752,0.41108,0.67643,0.91079,1.1406,1.3419,1.4859,1.4284,1.385,1.4656
1,-0.54514,-0.46879,-0.2797,-0.095992,0.11849,0.38875,0.66778,0.9136,1.1066,1.3315,1.4951,1.402,1.3736,1.4716
1,-0.64661,-0.53376,-0.32245,-0.06499,0.16157,0.44168,0.66866,0.90626,1.1615,1.4432,1.4211,1.3588,1.4561,1.511
1,-0.46543,-0.39639,-0.28366,-0.10319,0.15806,0.42144,0.68143,0.92072,1.0837,1.3055,1.4366,1.417,1.4198,1.4147
1,-0.63642,-0.5344,-0.32869,-0.069265,0.18874,0.46464,0.68214,0.95493,1.1436,1.3596,1.4589,1.4255,1.4846,1.4078
1,-0.57658,-0.49721,-0.30197,-0.070856,0.18118,0.44355,0.71605,0.97166,1.212,1.4637,1.4488,1.3502,1.4481,1.5229
1,-0.54557,-0.50114,-0.32198,-0.13522,0.087913,0.36719,0.65113,0.85688,1.0795,1.3445,1.4179,1.3714,1.4223,1.413
0,-0.57118,-0.47573,-0.30407,-0.12241,0.13795,0.40037,0.66946,0.91307,1.1893,1.4415,1.4653,1.3943,1.4193,1.467
1,-0.61197,-0.52159,-0.30775,-0.065795,0.20117,0.47506,0.72778,0.93775,1.1525,1.4142,1.532,1.4687,1.3327,1.3896
0,-0.63876,-0.55372,-0.33889,-0.08813,0.18435,0.45784,0.71786,0.99165,1.2889,1.4588,1.4276,1.4255,1.4155,1.3
1,-0.64198,-0.57688,-0.38801,-0.12035,0.15399,0.39238,0.65799,0.91555,1.124,1.3731,1.5413,1.4936,1.5441,1.5082
0,-0.56892,-0.50439,-0.30266,-0.06732,0.1816,0.42566,0.67542,0.92036,1.1651,1.4125,1.5338,1.4427,1.3736,1.4604
1,-0.52037,-0.44864,-0.3562,-0.1489,0.09186,0.30838,0.55648,0.79998,1.0667,1.254,1.4698,1.4959,1.4447,1.5024
1,-0.51162,-0.43829,-0.24998,-0.074981,0.1396,0.41453,0.67175,0.90159,1.1364,1.3296,1.3564,1.3175,1.3913,1.3481
1,-0.48504,-0.4241,-0.26009,-0.032018,0.16304,0.42291,0.69065,0.95098,1.1335,1.3752,1.4062,1.3313,1.3712,1.3879
0,-0.63142,-0.56548,-0.34928,-0.092585,0.14948,0.45005,0.73605,0.99955,1.2698,1.4103,1.2221,1.1885,1.3836,1.628
0,-0.34983,-0.29569,-0.15955,0.049312,0.26392,0.51185,0.72229,0.89446,1.0186,1.2103,1.3626,1.3884,1.3442,1.2164
0,-0.54135,-0.46168,-0.28178,-0.092256,0.16085,0.43206,0.68507,0.90101,1.1392,1.3649,1.5026,1.4808,1.4538,1.5134
0,-0.57302,-0.52751,-0.31984,-0.13494,0.13794,0.39124,0.65237,0.93654,1.1389,1.3853,1.5365,1.4761,1.4651,1.5097
1,-0.58794,-0.55817,-0.35309,-0.106,0.11456,0.39495,0.65484,0.89563,1.1022,1.324,1.4883,1.4639,1.496,1.4947
0,-0.60785,-0.5104,-0.29526,-0.039522,0.24083,0.53205,0.80749,1.0415,1.2166,1.4423,1.2756,1.2222,1.4262,1.5379
1,-0.5607,-0.5246,-0.31751,-0.075823,0.15837,0.43192,0.6989,0.92671,1.1093,1.3566,1.4884,1.4064,1.4513,1.4372
1,-0.51666,-0.49284,-0.29768,-0.092456,0.126,0.41656,0.65673,0.92006,1.1207,1.3944,1.447,1.2988,1.2698,1.3671
0,-0.50086,-0.42487,-0.30423,-0.062899,0.18671,0.38747,0.62883,0.87654,1.1284,1.36,1.4585,1.4461,1.4435,1.399
0,-0.58122,-0.48154,-0.29931,-0.13267,0.070635,0.32531,0.58206,0.86979,1.143,1.4016,1.4775,1.4104,1.4465,1.459
0,-0.64509,-0.54384,-0.32776,-0.080692,0.19563,0.45174,0.70418,0.94004,1.1411,1.404,1.5736,1.4348,1.3596,1.4871
0,-0.52543,-0.49281,-0.30515,-0.10902,0.15222,0.40481,0.66271,0.9023,1.0894,1.1448,1.3635,1.3405,1.3165,1.1857
1,-0.67355,-0.60054,-0.40004,-0.19129,0.086732,0.3588,0.62047,0.85694,1.103,1.3099,1.4797,1.4986,1.4268,1.4745
1,-0.57929,-0.49991,-0.31352,-0.12426,0.13239,0.39706,0.67368,0.92139,1.2021,1.4673,1.5303,1.5003,1.5429,1.494
1,-0.64239,-0.5696,-0.34755,-0.079659,0.14893,0.41472,0.67068,0.89465,1.0558,1.2361,1.4599,1.4542,1.4376,1.4792
1,-0.62019,-0.51342,-0.30841,-0.11601,0.13893,0.41234,0.67857,0.91732,1.1727,1.4434,1.5621,1.5259,1.5286,1.5254
1,-0.55795,-0.46467,-0.27904,-0.039423,0.17841,0.44538,0.69748,0.93543,1.1012,1.3079,1.48,1.4379,1.421,1.4631
0,-0.56961,-0.49706,-0.30815,-0.068873,0.15041,0.41535,0.66612,0.90859,1.125,1.3863,1.5141,1.4944,1.4946,1.4497
1,-0.55171,-0.48135,-0.29953,-0.070299,0.18392,0.40419,0.64634,0.92153,1.1566,1.3379,1.3966,1.3899,1.486,1.5028
1,-0.65172,-0.58967,-0.3723,-0.14753,0.11932,0.38084,0.64154,0.87777,1.0619,1.269,1.535,1.6482,1.5909,1.5734
1,-0.60441,-0.5046,-0.33983,-0.11082,0.13738,0.3941,0.65039,0.8843,1.1271,1.3232,1.5141,1.4725,1.4584,1.5387
0,-0.55091,-0.48077,-0.29913,-0.064551,0.18756,0.44337,0.72657,1.0025,1.2951,1.4754,1.4103,1.3725,1.4157,1.3801
1,-0.57944,-0.49746,-0.29444,-0.045359,0.2006,0.47392,0.70568,0.92948,1.1652,1.3598,1.4637,1.3758,1.4168,1.512
1,-0.63317,-0.54159,-0.34248,-0.091647,0.17776,0.43624,0.67279,0.93376,1.1783,1.4135,1.4878,1.4119,1.5103,1.4954
1,-0.65831,-0.55615,-0.3315,-0.12852,0.1524,0.39653,0.66625,0.8935,1.1334,1.3809,1.5588,1.4968,1.44,1.4867
1,-0.61903,-0.51546,-0.30487,-0.043719,0.18185,0.44601,0.67013,0.91854,1.1327,1.3537,1.4363,1.3974,1.479,1.5072
1,-0.61222,-0.5146,-0.33622,-0.12381,0.10283,0.37402,0.61881,0.87607,1.116,1.391,1.4886,1.4659,1.4312,1.4004
0,-0.48867,-0.4433,-0.26135,-0.095383,0.14228,0.3924,0.63861,0.87991,1.0948,1.3228,1.5019,1.4943,1.4215,1.4289
0,-0.49898,-0.43675,-0.24172,-0.017271,0.23843,0.5051,0.77412,1.0147,1.2671,1.4448,1.3444,1.3076,1.4013,1.4158
1,-0.60262,-0.51444,-0.35949,-0.12294,0.14733,0.41473,0.67857,0.91481,1.1492,1.361,1.5573,1.4667,1.3979,1.4778
1,-0.61758,-0.5176,-0.33288,-0.10821,0.15281,0.42678,0.67592,0.92518,1.1364,1.384,1.5683,1.5525,1.5047,1.5883
1,-0.56255,-0.47693,-0.30889,-0.079309,0.18244,0.45153,0.68112,0.8976,1.1361,1.3518,1.3828,1.3442,1.3998,1.3117
1,-0.63453,-0.58648,-0.38637,-0.12061,0.14442,0.40488,0.68027,0.88072,1.062,1.2734,1.5018,1.5159,1.4549,1.5026
1,-0.48931,-0.43756,-0.2694,-0.053232,0.1509,0.40015,0.67109,0.93256,1.1709,1.411,1.4047,1.3383,1.3748,1.4063
1,-0.49227,-0.45191,-0.30872,-0.15118,0.066665,0.33061,0.61069,0.86893,1.1025,1.3119,1.5255,1.4767,1.4285,1.4863
1,-0.55584,-0.48053,-0.2835,-0.041095,0.16411,0.43116,0.68116,0.92935,1.1374,1.3789,1.3989,1.3557,1.4227,1.4523
0,-0.44298,-0.43481,-0.30968,-0.095009,0.089604,0.33316,0.61236,0.80078,1.004,1.1924,1.3474,1.4545,1.4571,1.3562
0,-0.41769,-0.37627,-0.27461,-0.077284,0.16204,0.40699,0.67728,0.86707,1.1334,1.3317,1.4978,1.5678,1.5468,1.492
1,-0.59618,-0.51036,-0.29728,-0.065676,0.1548,0.43243,0.69053,0.92467,1.0899,1.3298,1.534,1.4328,1.3998,1.3684
0,-0.58326,-0.50548,-0.33633,-0.1038,0.13508,0.38041,0.64828,0.922,1.144,1.3902,1.5509,1.5458,1.5375,1.4557
0,-0.55473,-0.48345,-0.30013,-0.084985,0.17813,0.43167,0.68103,0.87423,1.1478,1.3649,1.454,1.4231,1.4304,1.4618
0,-0.39606,-0.32431,-0.1829,0.027389,0.26842,0.49899,0.6967,0.88107,1.1249,1.3061,1.3768,1.3234,1.3211,1.3345
0,-0.4777,-0.38247,-0.24975,-0.052979,0.20968,0.46158,0.67158,0.87493,1.0349,1.2313,1.3857,1.4142,1.41,1.3079
1,-0.6336,-0.53557,-0.3184,-0.058674,0.2097,0.46743,0.68985,0.92881,1.1635,1.4108,1.4826,1.4355,1.4783,1.4277
1,-0.6293,-0.52833,-0.35434,-0.11518,0.12963,0.39775,0.64697,0.8976,1.0973,1.3374,1.5676,1.551,1.5152,1.5729
0,-0.568,-0.49722,-0.30563,-0.067435,0.18908,0.46513,0.71515,0.96593,1.2048,1.4253,1.5146,1.4956,1.5633,1.4698
0,-0.38073,-0.33638,-0.18407,0.033983,0.25511,0.50694,0.71637,0.84824,1.0814,1.2475,1.3411,1.3282,1.3289,1.1946
1,-0.63323,-0.55268,-0.34399,-0.097529,0.15674,0.43513,0.68592,0.90144,1.1191,1.3806,1.4609,1.3907,1.4231,1.4274
1,-0.60841,-0.54504,-0.34108,-0.1288,0.099833,0.36417,0.62668,0.89311,1.1367,1.3846,1.4926,1.4196,1.4395,1.5383
1,-0.62825,-0.53821,-0.33321,-0.080354,0.16441,0.41377,0.65116,0.90182,1.0929,1.2919,1.4603,1.3985,1.3699,1.4367
1,-0.6156,-0.52228,-0.31607,-0.06728,0.20394,0.48578,0.71882,0.97595,1.2226,1.4013,1.4424,1.3739,1.4637,1.4111
0,-0.58187,-0.50024,-0.3036,-0.083471,0.17949,0.44607,0.70098,0.9733,1.2567,1.4774,1.5117,1.4739,1.5129,1.4812
1,-0.61145,-0.52143,-0.33361,-0.11247,0.097307,0.35668,0.61335,0.86736,1.0915,1.3319,1.5502,1.4956,1.4388,1.5129
1,-0.68281,-0.62091,-0.42804,-0.23208,-0.0061713,0.2469,0.50982,0.762,1.007,1.1961,1.4797,1.5886,1.504,1.4989
1,-0.64243,-0.54843,-0.35846,-0.13867,0.12026,0.39142,0.65395,0.90015,1.1551,1.4259,1.5698,1.5062,1.517,1.5339
0,-0.57249,-0.50902,-0.32933,-0.10738,0.15841,0.40737,0.66073,0.94165,1.1918,1.3975,1.6244,1.5328,1.5365,1.5945
1,-0.60507,-0.5459,-0.33983,-0.088892,0.17955,0.45614,0.73045,0.9805,1.1778,1.3795,1.4473,1.3807,1.3978,1.4335
0,-0.39036,-0.37444,-0.29956,-0.075211,0.07102,0.31944,0.56731,0.72669,0.90814,1.1182,1.3163,1.4111,1.4012,1.4396
1,-0.60927,-0.5199,-0.33009,-0.087652,0.17765,0.43862,0.69031,0.93663,1.1398,1.3613,1.5398,1.488,1.3928,1.4888
0,-0.47171,-0.41272,-0.26638,-0.063948,0.17849,0.41012,0.64644,0.85415,1.0192,1.2433,1.4236,1.5146,1.4765,1.4153
1,-0.56824,-0.47949,-0.27179,-0.07475,0.14205,0.41326,0.70845,0.92282,1.168,1.4005,1.3944,1.3379,1.3955,1.3547
1,-0.68064,-0.56587,-0.34966,-0.086584,0.1842,0.46684,0.69644,0.94442,1.1729,1.4276,1.4801,1.4569,1.5159,1.3911
1,-0.59071,-0.50322,-0.31414,-0.069601,0.16195,0.43246,0.66609,0.9022,1.1818,1.3854,1.4473,1.371,1.4381,1.4191
0,-0.32583,-0.27122,-0.12566,0.077991,0.31509,0.57158,0.71775,0.90195,1.0961,1.2574,1.4021,1.3641,1.3723,1.365
0,-0.44475,-0.38721,-0.29099,-0.14439,0.099833,0.37148,0.65239,0.91177,1.1266,1.3477,1.3021,1.2424,1.3842,1.5534
0,-0.50106,-0.44082,-0.25964,-0.018476,0.22344,0.48204,0.74844,0.93792,1.0528,1.2132,1.3849,1.4165,1.3663,1.2938
1,-0.64432,-0.54708,-0.34182,-0.16409,0.10342,0.38003,0.62224,0.86456,1.1077,1.3438,1.4484,1.4128,1.4782,1.4351
1,-0.62784,-0.52643,-0.31772,-0.064595,0.19214,0.47481,0.74057,0.98941,1.2066,1.4373,1.4632,1.3256,1.3885,1.572
0,-0.57607,-0.48405,-0.29711,-0.05515,0.17669,0.4482,0.70188,0.9439,1.1677,1.3723,1.4678,1.427,1.4803,1.4845
1,-0.62246,-0.5151,-0.32812,-0.076966,0.18093,0.44418,0.69987,0.96024,1.1566,1.4195,1.5526,1.4371,1.3066,1.4095
0,-0.45857,-0.40691,-0.24471,-0.090273,0.15158,0.38088,0.58183,0.78014,1.0027,1.2104,1.3866,1.4734,1.4746,1.4687
0,-0.56482,-0.51128,-0.31934,-0.090432,0.14873,0.39971,0.66097,0.92616,1.1729,1.3469,1.4591,1.422,1.4295,1.4084
1,-0.55031,-0.46152,-0.2821,-0.13148,0.074521,0.33904,0.59765,0.86324,1.0759,1.3026,1.5313,1.5147,1.4499,1.5027
0,-0.4292,-0.39211,-0.25725,-0.033209,0.19204,0.40154,0.64819,0.87642,1.0602,1.2804,1.3818,1.4313,1.3986,1.368
0,-0.45363,-0.39133,-0.31194,-0.10117,0.12226,0.36908,0.60119,0.82115,1.0509,1.3059,1.5032,1.5563,1.5489,1.5124
0,-0.44579,-0.38636,-0.21435,0.024374,0.21743,0.46718,0.73353,0.92236,1.126,1.284,1.3864,1.4183,1.3907,1.3678
0,-0.54161,-0.4617,-0.28134,-0.038126,0.22701,0.48806,0.74694,0.97614,1.2462,1.4654,1.437,1.4055,1.4485,1.3179
0,-0.60307,-0.51898,-0.3149,-0.064357,0.2148,0.49714,0.75195,0.98491,1.2431,1.4673,1.6008,1.5523,1.5827,1.5733
0,-0.58736,-0.50598,-0.29566,-0.044686,0.24378,0.51292,0.77475,0.98074,1.2123,1.4613,1.4461,1.3208,1.3815,1.5057
0,-0.56535,-0.47844,-0.28104,-0.047957,0.20159,0.44079,0.691,0.89724,1.1143,1.325,1.5484,1.5632,1.5206,1.584
1,-0.6299,-0.54068,-0.33443,-0.096131,0.15809,0.41717,0.65552,0.93663,1.1838,1.4403,1.5065,1.4317,1.4539,1.5483
1,-0.64251,-0.54137,-0.34923,-0.15048,0.11517,0.37156,0.64678,0.87765,1.1113,1.3885,1.557,1.5631,1.565,1.5444
1,-0.62549,-0.53456,-0.32888,-0.070027,0.18069,0.45469,0.68018,0.91709,1.1476,1.394,1.4824,1.4269,1.4626,1.4778
0,-0.62939,-0.53415,-0.32971,-0.086193,0.17593,0.45446,0.70564,0.99139,1.2506,1.3581,1.3848,1.4963,1.5635,1.3745
0,-0.51725,-0.45398,-0.27456,-0.051006,0.20437,0.44649,0.69852,0.94111,1.1903,1.4049,1.4741,1.4224,1.4335,1.3812
0,-0.55013,-0.52316,-0.36808,-0.1184,0.13975,0.41768,0.67641,0.91041,1.1503,1.3946,1.4845,1.4473,1.4582,1.3656
1,-0.60975,-0.52945,-0.34147,-0.117,0.14719,0.41324,0.67042,0.89769,1.1343,1.3616,1.4366,1.4214,1.5022,1.5626
1,-0.61275,-0.51972,-0.30289,-0.053771,0.18615,0.46062,0.7015,0.87994,1.1031,1.3578,1.4896,1.4237,1.469,1.5706
1,-0.62109,-0.55699,-0.33848,-0.10147,0.099708,0.38912,0.65194,0.88279,1.1099,1.3796,1.5079,1.4051,1.456,1.4652
0,-0.62898,-0.52769,-0.30496,-0.046184,0.22141,0.486,0.7563,1.0172,1.2641,1.5082,1.4934,1.47,1.5121,1.4494
0,-0.56724,-0.50159,-0.31739,-0.085791,0.12375,0.36566,0.63501,0.85987,1.1188,1.3639,1.5465,1.4792,1.4584,1.5538
0,-0.58114,-0.47801,-0.3382,-0.11135,0.095584,0.37159,0.65151,0.9117,1.1403,1.3717,1.5711,1.5322,1.5473,1.5907
1,-0.61314,-0.52098,-0.36308,-0.11853,0.11927,0.38722,0.67122,0.91748,1.1357,1.3437,1.4265,1.4464,1.5336,1.5215
0,-0.54695,-0.50963,-0.31348,-0.12271,0.13976,0.41104,0.69565,0.92995,1.1921,1.4162,1.4532,1.4387,1.4359,1.4374
1,-0.58683,-0.50346,-0.30841,-0.066387,0.19541,0.45284,0.7064,0.94479,1.1616,1.3715,1.4789,1.4258,1.4749,1.4747
0,-0.56155,-0.47481,-0.283,-0.059505,0.17281,0.44552,0.71874,0.99924,1.2431,1.4287,1.445,1.419,1.4861,1.3694
0,-0.51294,-0.44957,-0.27134,-0.058979,0.15132,0.40341,0.63442,0.89479,1.1054,1.3783,1.5298,1.4549,1.4541,1.4935
1,-0.61004,-0.52166,-0.31421,-0.061799,0.19174,0.46261,0.70402,0.94272,1.1333,1.3763,1.52,1.4339,1.3503,1.4351
1,-0.59182,-0.51229,-0.33054,-0.095265,0.16173,0.3792,0.63283,0.90966,1.1416,1.4023,1.4221,1.3687,1.4439,1.397
1,-0.55783,-0.4656,-0.31849,-0.13274,0.13525,0.41824,0.69178,0.93612,1.1054,1.351,1.3984,1.3489,1.3359,1.3253
0,-0.61379,-0.51443,-0.32478,-0.099576,0.10612,0.37614,0.6349,0.89878,1.1332,1.3709,1.5137,1.5355,1.5237,1.5225
0,-0.61301,-0.51331,-0.33827,-0.11273,0.13243,0.38824,0.64124,0.85828,1.1283,1.3679,1.495,1.4576,1.446,1.3219
1,-0.55501,-0.52386,-0.36194,-0.13009,0.10573,0.3649,0.60434,0.84517,1.0737,1.26,1.4887,1.4932,1.438,1.5187
1,-0.62025,-0.52271,-0.31394,-0.10596,0.14927,0.4257,0.69775,0.95039,1.1722,1.4094,1.5121,1.5022,1.5964,1.5442
0,-0.65415,-0.55316,-0.34951,-0.10377,0.17257,0.44784,0.70392,0.95554,1.1536,1.3724,1.4944,1.4139,1.4375,1.3959
0,-0.6216,-0.54042,-0.33911,-0.14862,0.11314,0.36459,0.62836,0.89294,1.1816,1.3948,1.5236,1.4313,1.4192,1.4519
0,-0.51229,-0.43831,-0.25326,-0.08493,0.16823,0.43942,0.69664,0.9423,1.2295,1.4827,1.5245,1.495,1.5261,1.4273
0,-0.63038,-0.53793,-0.39345,-0.14163,0.10178,0.38592,0.63607,0.89074,1.1736,1.4474,1.4673,1.4423,1.4501,1.3361
0,-0.58978,-0.48415,-0.29689,-0.029345,0.23614,0.49866,0.76013,1.061,1.2884,1.4503,1.4682,1.4702,1.4634,1.3634
0,-0.54239,-0.4625,-0.26999,-0.026565,0.21615,0.48814,0.7384,0.9306,1.1576,1.356,1.4902,1.4492,1.451,1.4334
1,-0.60566,-0.52183,-0.33558,-0.095997,0.17849,0.43636,0.72401,1.0009,1.2425,1.4851,1.5046,1.399,1.4904,1.5691
1,-0.62721,-0.57055,-0.39159,-0.13359,0.12473,0.39603,0.66598,0.92297,1.1285,1.4055,1.4812,1.44,1.4692,1.3576
0,-0.51087,-0.43876,-0.27984,-0.055436,0.16425,0.4179,0.64199,0.89111,1.1189,1.3308,1.467,1.5015,1.4791,1.4116
1,-0.64019,-0.53939,-0.32643,-0.063614,0.21562,0.46419,0.70233,0.94026,1.1733,1.3849,1.386,1.39,1.4668,1.4718
1,-0.61545,-0.52569,-0.34387,-0.11221,0.14798,0.41666,0.6747,0.9372,1.2134,1.4277,1.5032,1.4434,1.4879,1.4305
1,-0.58356,-0.48879,-0.31378,-0.073379,0.13512,0.40335,0.66624,0.89807,1.12,1.3468,1.4357,1.3745,1.4303,1.3761
1,-0.57009,-0.49977,-0.31976,-0.076072,0.13455,0.3975,0.65188,0.89823,1.1024,1.3174,1.5189,1.493,1.459,1.5021
1,-0.53571,-0.51243,-0.34518,-0.15083,0.053341,0.32298,0.59329,0.83338,1.0985,1.3412,1.5318,1.5104,1.449,1.5434
0,-0.51366,-0.45839,-0.28609,-0.062415,0.18566,0.46074,0.6641,0.91551,1.1577,1.4155,1.5355,1.5102,1.5299,1.4327
1,-0.60837,-0.52371,-0.35738,-0.12446,0.13328,0.4027,0.66693,0.9071,1.1178,1.3341,1.5056,1.4267,1.4279,1.4752
1,-0.65774,-0.54791,-0.34025,-0.076655,0.18573,0.4437,0.70242,0.94678,1.1487,1.3976,1.5059,1.448,1.4985,1.589
0,-0.52299,-0.44315,-0.25984,-0.033934,0.22427,0.49388,0.71585,0.94145,1.1756,1.3966,1.4349,1.3946,1.4917,1.4455
1,-0.61132,-0.53886,-0.35607,-0.12843,0.11605,0.3737,0.61756,0.86544,1.0754,1.3027,1.5437,1.5589,1.5132,1.6162
1,-0.57234,-0.50647,-0.32012,-0.091879,0.16263,0.43277,0.68177,0.91108,1.1129,1.3725,1.5035,1.5213,1.4907,1.565
0,-0.57693,-0.48693,-0.30289,-0.059052,0.18768,0.43885,0.67925,0.95265,1.1764,1.4332,1.4824,1.4139,1.4624,1.4473
1,-0.61588,-0.51802,-0.32433,-0.092922,0.13686,0.40828,0.68012,0.92935,1.1612,1.4063,1.4985,1.4606,1.5027,1.4865
0,-0.63379,-0.5379,-0.33659,-0.10579,0.15159,0.4191,0.68234,0.95783,1.1603,1.4086,1.4892,1.4346,1.4449,1.4908
0,-0.56938,-0.5035,-0.30576,-0.11253,0.11535,0.38138,0.64705,0.90347,1.127,1.4167,1.5129,1.4608,1.479,1.5031
1,-0.62627,-0.53998,-0.34981,-0.11336,0.14467,0.41267,0.65432,0.86612,1.1029,1.3299,1.4452,1.4009,1.4569,1.3619
1,-0.51503,-0.49317,-0.36055,-0.1751,0.1059,0.39767,0.66309,0.89822,1.0898,1.3459,1.4958,1.386,1.3522,1.4422
1,-0.59962,-0.5266,-0.34218,-0.11731,0.12579,0.3836,0.64757,0.89481,1.1637,1.3674,1.539,1.5231,1.4964,1.6303
1,-0.58582,-0.50218,-0.35666,-0.1112,0.14111,0.3981,0.63991,0.91469,1.0969,1.3203,1.5096,1.4758,1.5162,1.5646
1,-0.55974,-0.48005,-0.31005,-0.085271,0.1649,0.39688,0.66094,0.92328,1.1689,1.381,1.4784,1.4852,1.556,1.5169
1,-0.57158,-0.4883,-0.28838,-0.10609,0.16608,0.43805,0.69703,0.89334,1.0983,1.3515,1.4703,1.3814,1.3694,1.4186
1,-0.63123,-0.53188,-0.32194,-0.066443,0.19884,0.47205,0.74943,0.93189,1.1282,1.3719,1.4851,1.4418,1.4695,1.3903
1,-0.61698,-0.53162,-0.34406,-0.13787,0.099889,0.36627,0.62376,0.86576,1.1066,1.3379,1.5174,1.5067,1.545,1.5293
1,-0.5734,-0.49179,-0.34517,-0.1101,0.11966,0.38711,0.63467,0.88284,1.103,1.3349,1.494,1.5206,1.5093,1.4535
1,-0.6175,-0.53572,-0.32599,-0.090801,0.16207,0.43768,0.70313,0.93291,1.1592,1.3897,1.5001,1.4554,1.5251,1.424
1,-0.52003,-0.45545,-0.27568,-0.096633,0.15506,0.42312,0.67241,0.92285,1.1145,1.3776,1.4898,1.4244,1.4019,1.4499
0,-0.70528,-0.58342,-0.36661,-0.094257,0.17581,0.4512,0.71122,0.93607,1.1789,1.4379,1.4731,1.3987,1.4255,1.4359
1,-0.60857,-0.53003,-0.33416,-0.090944,0.18739,0.43935,0.6858,0.91884,1.1338,1.3683,1.48,1.4123,1.3867,1.4064
1,-0.56566,-0.48517,-0.29863,-0.061264,0.18524,0.39699,0.64842,0.87346,1.0946,1.3404,1.5572,1.5521,1.49,1.5111
1,-0.59706,-0.53209,-0.38968,-0.13453,0.081078,0.31367,0.56196,0.8386,1.0649,1.2712,1.504,1.5517,1.5066,1.556
1,-0.60151,-0.5291,-0.34279,-0.10961,0.13259,0.38802,0.6351,0.88916,1.1132,1.3839,1.5358,1.5071,1.5437,1.5121
1,-0.64207,-0.54552,-0.33081,-0.074185,0.17724,0.44658,0.71136,0.94421,1.185,1.4203,1.5377,1.4252,1.4361,1.5345
0,-0.58711,-0.5087,-0.30948,-0.14044,0.082131,0.35427,0.6081,0.86303,1.1167,1.4046,1.5505,1.4874,1.4674,1.5118
1,-0.61911,-0.53509,-0.32382,-0.079886,0.1948,0.44034,0.70422,0.95158,1.2145,1.4578,1.5029,1.4124,1.4366,1.4793
0,-0.60592,-0.49684,-0.38499,-0.15085,0.1061,0.37346,0.64629,0.908,1.1146,1.3506,1.5269,1.4824,1.4448,1.5022
1,-0.61848,-0.52459,-0.3158,-0.068419,0.15574,0.43957,0.69865,0.95007,1.1526,1.3917,1.5011,1.3497,1.4069,1.5067
0,-0.64084,-0.53004,-0.34702,-0.12214,0.13562,0.4199,0.66458,0.88787,1.1124,1.3002,1.4238,1.4026,1.3914,1.3492
1,-0.59899,-0.51256,-0.30669,-0.052891,0.17709,0.44033,0.69828,0.92896,1.0981,1.338,1.524,1.4337,1.3157,1.3927
1,-0.61422,-0.50679,-0.29373,-0.045592,0.23121,0.50567,0.6943,0.90422,1.087,1.3005,1.5433,1.4763,1.4105,1.4344
1,-0.55876,-0.48383,-0.29987,-0.053148,0.16497,0.43417,0.68644,0.93916,1.189,1.3987,1.5624,1.4602,1.4099,1.4937
1,-0.65937,-0.55003,-0.33583,-0.096961,0.16884,0.44339,0.71345,0.96744,1.1685,1.3874,1.4744,1.486,1.4898,1.3824
1,-0.58013,-0.53248,-0.3371,-0.13419,0.13717,0.41695,0.6432,0.89544,1.1378,1.3514,1.5357,1.5505,1.5309,1.5661
1,-0.63339,-0.53568,-0.33674,-0.079694,0.20419,0.45813,0.71329,0.97182,1.1971,1.4502,1.4363,1.4383,1.5106,1.4654
1,-0.56879,-0.54863,-0.35666,-0.14237,0.098129,0.36761,0.64005,0.89696,1.13,1.3672,1.4786,1.4022,1.4199,1.5142
1,-0.69168,-0.57611,-0.37379,-0.12549,0.14155,0.42615,0.65117,0.89176,1.1512,1.3926,1.5075,1.4435,1.4793,1.5446
1,-0.62659,-0.53577,-0.33722,-0.088795,0.16942,0.44384,0.6931,0.93859,1.169,1.4117,1.5626,1.4765,1.4361,1.3248
1,-0.62033,-0.53425,-0.33277,-0.097367,0.1438,0.40298,0.6775,0.92748,1.1394,1.3669,1.5646,1.5123,1.452,1.5355
1,-0.57818,-0.53271,-0.33779,-0.091404,0.17114,0.44191,0.68861,0.92764,1.1333,1.3452,1.5156,1.4644,1.5384,1.621
1,-0.57061,-0.48752,-0.29112,-0.040571,0.22336,0.47514,0.72875,0.93813,1.2115,1.4204,1.5126,1.4338,1.4714,1.555
1,-0.58629,-0.50092,-0.30517,-0.0625,0.19817,0.47443,0.72636,0.98648,1.2223,1.4586,1.5341,1.3806,1.452,1.542
1,-0.58309,-0.48906,-0.32003,-0.080522,0.17818,0.43367,0.69112,0.9695,1.1675,1.385,1.4935,1.4414,1.4356,1.4646
0,-0.50716,-0.4243,-0.25289,-0.02437,0.21386,0.46815,0.64243,0.83921,1.0042,1.1668,1.338,1.3827,1.3916,1.3118
1,-0.64905,-0.54315,-0.33794,-0.086815,0.18458,0.45259,0.71139,0.9875,1.1741,1.4631,1.4826,1.4529,1.4971,1.3978
1,-0.61121,-0.51634,-0.31537,-0.1102,0.15522,0.42296,0.68216,0.88865,1.1171,1.3887,1.5208,1.4804,1.4852,1.4415
0,-0.5909,-0.51702,-0.31662,-0.11382,0.13684,0.4157,0.67272,0.91629,1.1238,1.3779,1.5283,1.4441,1.4329,1.4783
0,-0.58621,-0.55399,-0.34961,-0.10151,0.16598,0.4349,0.70307,0.96856,1.2349,1.4605,1.6067,1.5318,1.4308,1.2484
1,-0.6008,-0.52198,-0.32808,-0.083077,0.17917,0.4345,0.68955,0.9519,1.1372,1.368,1.5459,1.4045,1.4272,1.5022
1,-0.58965,-0.5199,-0.33025,-0.10866,0.14726,0.41105,0.65265,0.9065,1.1503,1.3748,1.5804,1.5181,1.5258,1.5899
0,-0.55298,-0.46812,-0.25415,0.018424,0.31244,0.60077,0.83535,1.0902,1.3978,1.433,1.4034,1.3935,1.1781,0.91899
1,-0.59975,-0.53302,-0.34181,-0.088864,0.15297,0.43082,0.69401,0.9677,1.2084,1.4807,1.5605,1.4913,1.4975,1.5972
1,-0.58674,-0.49001,-0.28282,-0.036564,0.16703,0.42632,0.68703,0.93677,1.169,1.3619,1.3723,1.3781,1.4794,1.3305
1,-0.59381,-0.52111,-0.33006,-0.10403,0.13201,0.38697,0.65296,0.90415,1.1581,1.3868,1.5595,1.4842,1.4891,1.5762
1,-0.65476,-0.59814,-0.3863,-0.14101,0.080363,0.34779,0.59685,0.84907,1.0646,1.3248,1.5045,1.5182,1.5361,1.5239
0,-0.56794,-0.49224,-0.35172,-0.13243,0.12547,0.37037,0.63648,0.90876,1.1837,1.445,1.5209,1.4692,1.4791,1.5243
1,-0.64323,-0.5403,-0.32405,-0.067659,0.20423,0.44379,0.69834,0.93714,1.1731,1.4137,1.596,1.4574,1.4513,1.5866
0,-0.59474,-0.49294,-0.3256,-0.086666,0.16092,0.4173,0.66651,0.92716,1.1504,1.3276,1.4662,1.4116,1.4392,1.4308
0,-0.56987,-0.49854,-0.30608,-0.072704,0.18261,0.4404,0.69042,0.95554,1.2105,1.4326,1.5028,1.4286,1.4988,1.3864
1,-0.5402,-0.45486,-0.29946,-0.073681,0.14764,0.42301,0.6942,0.95142,1.1661,1.4187,1.3867,1.3304,1.4045,1.4745
1,-0.55063,-0.4697,-0.29596,-0.11283,0.1466,0.4117,0.65708,0.89486,1.1027,1.34,1.4891,1.4329,1.4189,1.4827
1,-0.60726,-0.54451,-0.3442,-0.11492,0.1454,0.39637,0.65484,0.87889,1.1192,1.3494,1.4502,1.4016,1.3931,1.4075
1,-0.58207,-0.48333,-0.34327,-0.1548,0.084158,0.35516,0.62329,0.8505,1.0524,1.2896,1.478,1.405,1.3844,1.465
0,-0.45838,-0.39264,-0.22639,-0.095675,0.081116,0.29494,0.55021,0.77757,0.97632,1.1019,1.2607,1.3953,1.4312,1.4095
0,-0.51727,-0.42561,-0.25779,-0.079834,0.1585,0.40685,0.65816,0.93901,1.166,1.3974,1.4454,1.416,1.4976,1.6913
0,-0.49928,-0.41935,-0.23866,-0.078147,0.18662,0.43015,0.66914,0.94619,1.1774,1.3553,1.4535,1.3935,1.4283,1.4745
1,-0.57095,-0.47891,-0.32282,-0.082836,0.14484,0.37234,0.65813,0.93163,1.1834,1.427,1.5471,1.4504,1.4885,1.5151
1,-0.60563,-0.50793,-0.29575,-0.039117,0.23551,0.49756,0.73301,0.96655,1.1974,1.4277,1.4449,1.3601,1.4348,1.4465
