2,-0.78753,-0.72126,-0.52369,-0.25134,0.058178,0.39609,0.60288,0.8929,1.2313,1.3931,1.4013,1.446,1.4986,1.578,1.4527
2,-0.53812,-0.5288,-0.42223,-0.18096,0.050532,0.37042,0.59654,0.94707,1.1993,1.3604,1.3944,1.4583,1.4282,1.4351,1.3218
1,-0.75487,-0.68288,-0.48482,-0.23504,0.061418,0.35394,0.67382,1.0248,1.3241,1.4568,1.3918,1.3835,1.4008,1.4222,1.366
2,-0.70554,-0.71178,-0.63933,-0.35964,-0.053122,0.27903,0.59593,0.83071,1.0561,1.3457,1.4861,1.3816,1.3578,1.4245,1.5711
3,-0.59326,-0.58911,-0.41471,-0.17616,0.1067,0.44751,0.77355,1.0151,1.212,1.3889,1.4136,1.4305,1.4463,1.4178,1.3384
1,-0.71289,-0.65698,-0.47307,-0.21079,0.063249,0.35995,0.6583,0.96197,1.3114,1.5372,1.5676,1.5036,1.5116,1.5571,1.4876
2,-0.8201,-0.76963,-0.56318,-0.27592,0.026764,0.3464,0.54149,0.90687,1.2496,1.5165,1.489,1.4663,1.515,1.6265,1.5694
2,-0.52663,-0.49787,-0.37585,-0.14507,0.1722,0.31304,0.54804,0.84905,1.056,1.2206,1.2466,1.2588,1.3324,1.3215,1.2764
1,-0.78297,-0.79156,-0.59438,-0.355,-0.029643,0.31724,0.54637,0.91193,1.3021,1.4774,1.4674,1.421,1.4889,1.5943,1.6017
2,-0.49657,-0.56218,-0.40677,-0.16048,0.11378,0.34973,0.67316,0.99429,1.1831,1.2844,1.3587,1.3697,1.4227,1.3818,1.3199
1,-0.6606,-0.63971,-0.49741,-0.25189,0.049939,0.3516,0.60836,0.84685,1.1282,1.3832,1.4451,1.4996,1.5208,1.4162,1.3295
2,-0.68813,-0.70017,-0.50206,-0.24108,0.074164,0.29093,0.56608,0.79579,1.1303,1.3067,1.3692,1.3897,1.4176,1.4789,1.412
1,-0.5175,-0.43509,-0.27053,-0.054403,0.23388,0.48715,0.68141,0.89473,1.205,1.3121,1.3612,1.3356,1.3814,1.29,1.1383
1,-0.6001,-0.55936,-0.4176,-0.18379,0.033935,0.32269,0.52692,0.7569,1.0059,1.2141,1.2802,1.2863,1.3609,1.2919,1.2044
1,-0.72181,-0.64862,-0.46754,-0.21832,0.070035,0.37325,0.65531,0.91864,1.2653,1.4585,1.4546,1.4853,1.5152,1.5441,1.4489
2,-0.73821,-0.63848,-0.5312,-0.28038,-0.027981,0.27813,0.51382,0.79572,1.0988,1.2751,1.3296,1.3174,1.3818,1.4556,1.3797
2,-0.71675,-0.65605,-0.5086,-0.30177,-0.018828,0.29687,0.63336,0.98287,1.161,1.4311,1.4503,1.393,1.4141,1.5023,1.558
2,-0.80153,-0.71764,-0.5396,-0.27315,0.019233,0.334,0.61873,0.88085,1.1985,1.4036,1.393,1.4178,1.4157,1.4882,1.5813
2,-0.79194,-0.70907,-0.51204,-0.25315,-0.005523,0.30375,0.6164,0.83403,1.1752,1.4782,1.4792,1.4315,1.4907,1.5195,1.5336
2,-0.91921,-0.85851,-0.62124,-0.36283,-0.013281,0.32133,0.64113,0.93442,1.2432,1.3905,1.3195,1.2769,1.3377,1.471,1.5375
3,-0.56384,-0.61267,-0.48461,-0.20469,0.023296,0.32667,0.57753,0.83716,1.1579,1.2252,1.2874,1.3259,1.3349,1.3521,1.2251
2,-0.86055,-0.81152,-0.65208,-0.37032,-0.065965,0.27328,0.65511,0.98608,1.2903,1.5066,1.4566,1.3722,1.4104,1.5343,1.6917
2,-0.84896,-0.74351,-0.55258,-0.29232,0.010216,0.34801,0.67041,0.94517,1.2242,1.3657,1.3264,1.3075,1.3382,1.4655,1.3935
3,-0.72583,-0.61596,-0.43687,-0.16487,0.077756,0.36818,0.65228,0.8773,1.1337,1.3814,1.521,1.4814,1.4233,1.4337,1.516
3,-0.74671,-0.78479,-0.61417,-0.3427,-0.0065231,0.32985,0.58658,0.90847,1.1854,1.3667,1.3822,1.3738,1.439,1.5406,1.5342
2,-0.82953,-0.84375,-0.70303,-0.39223,-0.060177,0.26573,0.58138,0.92919,1.1581,1.4604,1.5582,1.489,1.4609,1.5305,1.5582
2,-0.80724,-0.7497,-0.5832,-0.32167,-0.0055994,0.32129,0.65252,0.95924,1.1992,1.4852,1.4798,1.423,1.4619,1.5991,1.592
2,-0.8809,-0.83258,-0.63376,-0.34734,-0.0080339,0.31791,0.58548,0.88498,1.1235,1.4149,1.5241,1.4245,1.3729,1.4745,1.6098
3,-0.81292,-0.73382,-0.64572,-0.36291,-0.063478,0.27462,0.60123,0.80629,1.0648,1.3617,1.5078,1.3788,1.3631,1.4688,1.6239
3,-0.67664,-0.61906,-0.54307,-0.30178,0.01947,0.314,0.51729,0.72848,1.0592,1.3773,1.428,1.4072,1.4242,1.4522,1.459
2,-0.77509,-0.78978,-0.65171,-0.39004,-0.070658,0.2184,0.53163,0.81267,1.0622,1.3775,1.424,1.4412,1.4608,1.5162,1.5082
2,-0.75134,-0.75624,-0.5644,-0.29955,0.008571,0.3328,0.64293,0.97513,1.1712,1.4494,1.5238,1.3992,1.3675,1.4487,1.5831
3,-0.69265,-0.60614,-0.52261,-0.2635,0.041515,0.31476,0.53653,0.83565,1.1737,1.327,1.3924,1.435,1.5455,1.5075,1.352
2,-0.9489,-0.94208,-0.75339,-0.46004,-0.14994,0.18802,0.52442,0.81406,1.0878,1.376,1.4418,1.3959,1.4662,1.5881,1.6052
3,-0.74958,-0.76186,-0.57114,-0.30243,-0.023572,0.30089,0.62037,0.93303,1.1711,1.4066,1.4269,1.4538,1.5106,1.6232,1.5347
3,-0.85165,-0.80967,-0.59441,-0.29361,0.029794,0.32753,0.64423,0.98332,1.2374,1.3696,1.3888,1.3906,1.4339,1.5375,1.5093
2,-0.65673,-0.5953,-0.42184,-0.17304,0.10592,0.40939,0.65126,0.89926,1.1756,1.3392,1.4411,1.4549,1.4724,1.3927,1.3048
2,-0.72388,-0.744,-0.55189,-0.29309,0.0075021,0.33261,0.6668,0.91503,1.1984,1.3773,1.3999,1.3766,1.4225,1.5242,1.5051
3,-0.48663,-0.49598,-0.31706,-0.075884,0.19297,0.53041,0.8504,1.0623,1.2302,1.3476,1.342,1.373,1.3433,1.2958,1.2202
1,-0.60276,-0.57783,-0.38101,-0.18914,0.12885,0.3849,0.55554,0.82896,1.1217,1.3281,1.4532,1.4818,1.4697,1.4892,1.3922
1,-0.50109,-0.4433,-0.37633,-0.15396,0.049359,0.37244,0.57247,0.79576,0.99097,1.1931,1.3159,1.4187,1.4256,1.3607,1.309
1,-0.40334,-0.52299,-0.36966,-0.16239,0.1015,0.40596,0.5363,0.72986,1.0555,1.144,1.2458,1.2835,1.1921,1.1361,0.91988
1,-0.75671,-0.74392,-0.57442,-0.29077,0.017441,0.32752,0.62954,0.91765,1.185,1.399,1.3827,1.3027,1.3578,1.4504,1.4438
3,-0.61283,-0.55068,-0.47277,-0.2191,-0.064552,0.17114,0.43931,0.65554,0.9588,1.168,1.2925,1.3911,1.4335,1.3835,1.3129
1,-0.63646,-0.61394,-0.44132,-0.16585,0.092563,0.38724,0.66611,0.94348,1.1325,1.2023,1.2932,1.2907,1.2833,1.222,1.0868
1,-0.66738,-0.58622,-0.39794,-0.11326,0.12202,0.40446,0.68223,1.0118,1.198,1.3127,1.3518,1.3868,1.3342,1.2191,1.0652
1,-0.51864,-0.45908,-0.27332,-0.033379,0.14881,0.4463,0.6903,0.86485,1.094,1.2029,1.2823,1.2725,1.2566,1.1817,1.0303
1,-0.50728,-0.4066,-0.34835,-0.11713,0.1644,0.40976,0.58268,0.88764,1.0851,1.1826,1.3077,1.247,1.1923,1.1244,0.98071
1,-0.69584,-0.6182,-0.41219,-0.12647,0.15707,0.38051,0.67124,0.97494,1.2027,1.2739,1.2368,1.3011,1.359,1.3907,1.2977
2,-0.63053,-0.56702,-0.36362,-0.18478,0.11505,0.36399,0.65309,0.9582,1.1768,1.3245,1.3921,1.4081,1.4316,1.3178,1.168
1,-0.50703,-0.42448,-0.33649,-0.15296,0.10648,0.42796,0.63021,0.88678,1.1085,1.2106,1.2377,1.3017,1.3264,1.2592,1.1599
1,-0.52173,-0.4491,-0.29363,-0.10693,0.13772,0.32092,0.56276,0.80648,1.1231,1.2584,1.3042,1.3412,1.3669,1.311,1.1859
1,-0.63235,-0.54702,-0.39503,-0.13307,0.1798,0.45052,0.69423,0.91011,1.1371,1.2996,1.3399,1.3836,1.3626,1.3324,1.1621
1,-0.76358,-0.80107,-0.61049,-0.35172,-0.071665,0.25663,0.5044,0.82121,1.0854,1.4078,1.537,1.4668,1.4424,1.4573,1.5809
2,-0.90618,-0.84182,-0.74138,-0.43839,-0.1262,0.20483,0.53607,0.8691,1.1568,1.4318,1.4203,1.3766,1.4112,1.457,1.5593
2,-0.61076,-0.58889,-0.45349,-0.26797,0.027201,0.35732,0.54828,0.763,0.94646,1.1082,1.2794,1.3444,1.3634,1.3858,1.335
1,-0.68712,-0.63107,-0.41111,-0.17092,0.11943,0.33442,0.71037,0.96452,1.1352,1.2763,1.2623,1.2964,1.3382,1.2842,1.1727
2,-0.55999,-0.55775,-0.41511,-0.17557,0.087939,0.34076,0.67488,0.93202,1.2182,1.4051,1.3697,1.347,1.3703,1.3706,1.4072
2,-0.678,-0.69718,-0.50225,-0.29394,-0.0033187,0.29239,0.56071,0.77266,1,1.2806,1.3347,1.3716,1.4044,1.4419,1.406
2,-0.90038,-0.85599,-0.7227,-0.39435,-0.14572,0.21445,0.57222,0.90358,1.1656,1.4329,1.3872,1.3922,1.4379,1.5856,1.5315
2,-0.79864,-0.72714,-0.50271,-0.22309,0.068581,0.39348,0.73777,1.0229,1.2691,1.2998,1.3353,1.3721,1.4176,1.3745,1.2973
3,-0.6276,-0.52267,-0.32302,-0.103,0.19307,0.40292,0.66414,0.93193,1.1478,1.2833,1.3059,1.326,1.4244,1.4005,1.263
1,-0.51526,-0.4568,-0.39244,-0.22145,0.056084,0.31127,0.50758,0.76244,1.012,1.1525,1.2032,1.2412,1.2758,1.1767,1.1091
2,-0.59487,-0.57429,-0.37209,-0.16279,0.14386,0.40709,0.67544,0.9274,1.0984,1.2344,1.3152,1.3469,1.297,1.2345,1.1167
1,-0.66172,-0.58773,-0.54742,-0.30081,-0.012855,0.31054,0.50713,0.82438,1.1887,1.3885,1.4089,1.4062,1.4098,1.4825,1.4723
2,-0.84441,-0.7612,-0.52799,-0.24516,0.057587,0.37624,0.71745,1.0716,1.3272,1.4829,1.3819,1.3504,1.4126,1.5106,1.5675
3,-0.59476,-0.54224,-0.39697,-0.15905,0.10762,0.40398,0.65585,0.89742,1.0821,1.2526,1.3394,1.3327,1.3672,1.3202,1.2223
1,-0.56541,-0.48938,-0.3172,-0.081698,0.21857,0.47124,0.69505,1.0144,1.1751,1.2236,1.2954,1.2901,1.248,1.1486,0.98015
2,-0.64595,-0.57861,-0.39851,-0.13141,0.12376,0.42803,0.73743,0.99906,1.2733,1.4386,1.4517,1.4993,1.4758,1.5199,1.3987
2,-0.70244,-0.65958,-0.53081,-0.25963,0.0088218,0.29458,0.61534,0.97638,1.1531,1.2611,1.3252,1.353,1.2818,1.2058,1.0767
1,-0.52936,-0.53374,-0.48448,-0.22144,-0.057105,0.25745,0.51128,0.77811,1.103,1.3003,1.3445,1.4117,1.4002,1.4301,1.3699
1,-0.44957,-0.48313,-0.33879,-0.096,0.14503,0.33224,0.57676,0.83946,1.0774,1.2231,1.3018,1.2906,1.3095,1.2384,1.1364
2,-0.54442,-0.54729,-0.42502,-0.24137,0.045946,0.30882,0.46798,0.73342,1.0161,1.2189,1.3061,1.3393,1.3352,1.3362,1.2903
2,-0.67727,-0.61381,-0.44231,-0.18405,0.096167,0.40853,0.67013,0.97346,1.2072,1.3453,1.4551,1.4835,1.4807,1.4728,1.3925
2,-0.64485,-0.5714,-0.37847,-0.11293,0.14978,0.50707,0.76974,1.1229,1.2908,1.3661,1.368,1.3763,1.4538,1.4899,1.3319
2,-0.62975,-0.60487,-0.51112,-0.26134,0.031997,0.24839,0.54405,0.80938,1.1312,1.2899,1.3851,1.4297,1.4428,1.4616,1.3871
2,-0.72028,-0.66877,-0.47511,-0.21001,0.064351,0.39134,0.63129,0.98085,1.2476,1.5254,1.5248,1.4406,1.4051,1.4198,1.496
2,-0.82161,-0.78205,-0.59515,-0.37932,-0.064649,0.26845,0.60323,0.96932,1.2476,1.467,1.3814,1.3505,1.3804,1.468,1.5328
3,-0.9104,-0.82009,-0.59312,-0.29447,0.039259,0.35124,0.66499,0.95803,1.1335,1.4216,1.417,1.4492,1.5169,1.6386,1.5409
2,-0.75983,-0.76615,-0.56988,-0.26465,0.004939,0.32471,0.57634,0.9199,1.2303,1.3645,1.3551,1.4147,1.4929,1.4477,1.2989
2,-0.8251,-0.80186,-0.62913,-0.35665,-0.039847,0.2604,0.56497,0.90884,1.1514,1.4071,1.5439,1.4418,1.4618,1.4959,1.5599
3,-0.75192,-0.74863,-0.53473,-0.37019,-0.1331,0.21739,0.46804,0.75295,1.065,1.3425,1.5103,1.5124,1.52,1.5588,1.5844
2,-0.66948,-0.74413,-0.55567,-0.35333,-0.0639,0.19337,0.48045,0.71707,0.88767,1.2694,1.3914,1.3525,1.3981,1.4134,1.4297
2,-0.70749,-0.61794,-0.51742,-0.26606,0.020653,0.32401,0.63229,0.88122,1.1586,1.3753,1.4374,1.4542,1.4746,1.4693,1.3877
2,-0.83468,-0.80272,-0.56459,-0.30423,0.025069,0.28702,0.61825,0.92165,1.1972,1.4071,1.3792,1.3688,1.4851,1.6145,1.5518
2,-0.53154,-0.48704,-0.34296,-0.09415,0.16488,0.34734,0.57282,0.89793,1.1958,1.3,1.3184,1.3354,1.3081,1.3575,1.2841
1,-0.77475,-0.77295,-0.57913,-0.34964,-0.14665,0.15434,0.47689,0.76033,1.1075,1.3742,1.4008,1.4184,1.4107,1.4726,1.5757
2,-0.85034,-0.74929,-0.61018,-0.32013,-0.0076185,0.33345,0.67588,0.91533,1.1874,1.4711,1.4871,1.4327,1.5014,1.62,1.645
3,-0.70626,-0.65504,-0.4613,-0.20249,0.10603,0.33928,0.64573,0.97172,1.3203,1.3267,1.3375,1.3206,1.4062,1.5084,1.4193
2,-0.75582,-0.6696,-0.48834,-0.21799,0.098571,0.33141,0.58164,0.92142,1.232,1.413,1.4314,1.4555,1.5169,1.4914,1.3275
2,-0.81796,-0.71365,-0.58391,-0.2817,0.0071055,0.25945,0.55853,0.90853,1.1972,1.415,1.3212,1.3307,1.417,1.5467,1.4293
2,-0.89694,-0.80694,-0.62837,-0.34267,-0.052463,0.26886,0.59704,0.87272,1.1382,1.4296,1.4259,1.3962,1.4645,1.5438,1.5681
3,-0.54433,-0.47431,-0.28604,-0.048663,0.24205,0.51564,0.71659,0.95029,1.1407,1.2214,1.328,1.3527,1.3046,1.1663,1.0498
1,-0.71924,-0.71879,-0.51271,-0.23026,0.043931,0.38679,0.62068,0.89864,1.1445,1.3603,1.4394,1.4795,1.4895,1.4523,1.3539
2,-0.65061,-0.63801,-0.46454,-0.20621,0.10288,0.41035,0.50739,0.84255,1.2028,1.3494,1.389,1.3794,1.4498,1.5515,1.4593
1,-0.79388,-0.73474,-0.56894,-0.30587,-0.01026,0.29584,0.59038,0.92849,1.1795,1.4601,1.4936,1.3754,1.3967,1.4594,1.5183
2,-0.66694,-0.60999,-0.43449,-0.17959,0.092352,0.34946,0.63173,0.97365,1.2425,1.3922,1.4171,1.3674,1.3652,1.4629,1.4505
2,-0.80763,-0.69688,-0.49249,-0.22321,0.089879,0.31252,0.68331,0.93671,1.2093,1.3752,1.3987,1.427,1.4319,1.475,1.4078
2,-0.72526,-0.6732,-0.47726,-0.2328,0.031789,0.33882,0.67152,0.90964,1.1522,1.3971,1.4395,1.3877,1.3915,1.4097,1.5188
2,-0.58648,-0.61133,-0.427,-0.15067,0.13095,0.35482,0.51858,0.75943,1.0913,1.2455,1.2746,1.2915,1.2796,1.3078,1.3082
2,-0.66432,-0.67821,-0.48519,-0.26699,-0.028302,0.2,0.48173,0.68157,0.95844,1.203,1.3376,1.3808,1.4256,1.4413,1.3656
2,-0.5542,-0.48828,-0.37222,-0.12499,0.16997,0.40638,0.6353,0.91142,1.1485,1.251,1.33,1.303,1.35,1.299,1.1991
2,-0.67699,-0.58817,-0.43906,-0.16024,0.092264,0.38452,0.59002,0.83998,1.2133,1.3464,1.4245,1.4386,1.4314,1.5034,1.4287
2,-0.71118,-0.62322,-0.47361,-0.24186,0.048097,0.33537,0.63378,0.95429,1.245,1.3954,1.42,1.4364,1.4595,1.4592,1.387
2,-0.91364,-0.81325,-0.58565,-0.29126,0.027622,0.33315,0.6174,0.92578,1.1674,1.4024,1.5874,1.5096,1.4963,1.5904,1.6128
3,-0.8044,-0.71497,-0.51499,-0.23647,0.084361,0.39218,0.71522,0.95503,1.212,1.4458,1.4179,1.339,1.3674,1.4877,1.5595
2,-0.93751,-0.82316,-0.66569,-0.39434,-0.069727,0.24287,0.58186,0.86569,1.1725,1.4507,1.3759,1.3431,1.3852,1.532,1.6204
3,-0.80192,-0.71556,-0.48765,-0.20057,0.084579,0.33027,0.65066,0.94585,1.2736,1.3942,1.3576,1.3681,1.4558,1.5654,1.5147
2,-0.52906,-0.47083,-0.35954,-0.10376,0.17392,0.45929,0.63807,0.91406,1.1674,1.3362,1.3282,1.2858,1.3237,1.1496,0.90329
2,-0.59569,-0.62864,-0.43361,-0.18261,0.096894,0.43963,0.66622,1.0166,1.2647,1.353,1.351,1.3094,1.3868,1.4976,1.4562
2,-0.81245,-0.741,-0.52263,-0.26529,0.041951,0.36216,0.71745,0.96302,1.2958,1.3481,1.2978,1.2939,1.3056,1.357,1.326
2,-0.7174,-0.66304,-0.4677,-0.19098,0.12385,0.45605,0.81555,1.0623,1.3106,1.2858,1.3009,1.3551,1.4465,1.4915,1.3871
2,-0.78154,-0.73612,-0.56959,-0.37779,-0.073121,0.27023,0.59351,0.95044,1.2558,1.4635,1.453,1.4135,1.4527,1.5819,1.5621
3,-0.63861,-0.61478,-0.41941,-0.14216,0.1132,0.38639,0.63889,0.85841,1.0938,1.2954,1.3013,1.3748,1.4143,1.3565,1.2263
1,-0.70152,-0.6161,-0.42039,-0.17989,0.11053,0.42904,0.74423,1.0167,1.2218,1.3341,1.3562,1.3839,1.4219,1.352,1.2273
2,-0.60551,-0.52761,-0.34604,-0.067938,0.21012,0.4388,0.65705,0.93066,1.0664,1.2323,1.3181,1.3127,1.3127,1.2059,1.1123
1,-0.59914,-0.54202,-0.34853,-0.095212,0.2037,0.42348,0.61567,0.87581,1.2029,1.2414,1.3111,1.3683,1.3872,1.3607,1.268
2,-0.61903,-0.52107,-0.3682,-0.13397,0.16466,0.35726,0.61299,0.80644,1.1046,1.2827,1.2904,1.3019,1.3582,1.2854,1.1922
1,-0.61887,-0.6517,-0.51293,-0.26934,-0.0069077,0.2923,0.52444,0.85931,1.1093,1.3214,1.481,1.4678,1.3739,1.4064,1.4982
3,-0.63164,-0.5526,-0.36644,-0.078571,0.10611,0.3028,0.47856,0.78148,1.0413,1.1549,1.2083,1.2526,1.2514,1.2366,1.1595
1,-0.63186,-0.55049,-0.47624,-0.25432,0.035147,0.33084,0.45513,0.68309,0.93203,1.2285,1.3149,1.4227,1.4811,1.4544,1.4006
1,-0.78078,-0.73886,-0.5391,-0.23638,0.068203,0.41096,0.76138,1.0585,1.3259,1.4838,1.4735,1.3631,1.361,1.4677,1.5943
3,-0.73225,-0.69946,-0.50796,-0.23939,0.077966,0.3685,0.55902,0.87092,1.1786,1.4152,1.4341,1.4091,1.4299,1.4895,1.5475
2,-0.53373,-0.56487,-0.39843,-0.14996,0.13894,0.35371,0.6431,0.89745,1.117,1.2584,1.3331,1.3579,1.3894,1.3748,1.344
2,-0.65754,-0.59246,-0.4843,-0.23359,0.068278,0.37824,0.73207,1.0125,1.3068,1.4314,1.4281,1.4007,1.414,1.4821,1.4925
2,-0.66735,-0.55681,-0.38852,-0.13824,0.13636,0.44923,0.6745,0.90456,1.1637,1.3817,1.4218,1.4498,1.4498,1.3829,1.2581
2,-0.62152,-0.58097,-0.39389,-0.17091,0.095448,0.33906,0.61904,0.84827,1.14,1.2633,1.3595,1.4088,1.4136,1.3145,1.1893
1,-0.92396,-0.82427,-0.57729,-0.25755,0.044999,0.39359,0.73382,1.0937,1.3684,1.4147,1.398,1.3955,1.4861,1.556,1.4222
2,-0.65406,-0.72087,-0.55988,-0.28874,0.0037739,0.33094,0.57083,0.86036,1.1311,1.3602,1.4084,1.4093,1.4854,1.4597,1.3017
2,-0.71082,-0.71233,-0.5603,-0.30655,0.0047867,0.34171,0.69349,1.0288,1.213,1.2303,1.2052,1.2616,1.3323,1.3697,1.2142
2,-0.77553,-0.71772,-0.58874,-0.33024,-0.041377,0.28065,0.61668,0.94208,1.2855,1.4886,1.4757,1.463,1.4582,1.4959,1.5969
2,-0.75653,-0.70873,-0.58288,-0.32882,-0.025977,0.25599,0.57149,0.90123,1.1471,1.3938,1.4129,1.407,1.4358,1.4778,1.5053
2,-0.87739,-0.84962,-0.6296,-0.33969,-0.026336,0.26748,0.62049,0.94267,1.2866,1.5166,1.4671,1.4381,1.538,1.6649,1.6329
2,-0.69434,-0.68382,-0.56484,-0.32751,-0.036271,0.26646,0.54788,0.91055,1.1954,1.3919,1.4173,1.4136,1.4495,1.4632,1.3261
2,-0.64946,-0.56759,-0.39323,-0.13629,0.14986,0.48584,0.6774,0.95341,1.1833,1.3863,1.4087,1.3562,1.3848,1.4551,1.4216
2,-0.71043,-0.64575,-0.48673,-0.23745,0.075111,0.37632,0.62299,0.9729,1.2081,1.4157,1.3723,1.3364,1.3837,1.458,1.4334
2,-0.84557,-0.79535,-0.63638,-0.377,-0.11431,0.19334,0.52842,0.85491,1.1494,1.4517,1.5322,1.4974,1.5339,1.6094,1.5402
2,-0.54461,-0.4926,-0.35493,-0.13905,0.11602,0.376,0.53456,0.81451,1.1414,1.3035,1.3471,1.412,1.3964,1.416,1.3548
1,-0.73984,-0.68625,-0.55215,-0.29055,0.029798,0.37768,0.66715,1.0152,1.3253,1.3085,1.3313,1.341,1.3965,1.5396,1.4578
2,-0.69838,-0.71935,-0.52724,-0.26372,-0.00068288,0.28601,0.55512,0.79664,1.1315,1.3831,1.4619,1.4915,1.488,1.5166,1.4005
2,-0.7801,-0.80769,-0.60495,-0.43489,-0.16174,0.17051,0.50212,0.80194,1.0647,1.3815,1.415,1.3602,1.4125,1.5049,1.4915
2,-0.62163,-0.59359,-0.38653,-0.17494,0.10259,0.39528,0.59165,0.85023,1.1112,1.311,1.3717,1.3579,1.3789,1.2844,1.1814
1,-0.60452,-0.53187,-0.45665,-0.21349,0.044046,0.33381,0.66032,0.84624,1.1848,1.4243,1.4103,1.4583,1.4392,1.4586,1.4109
2,-0.78235,-0.74508,-0.54531,-0.30793,0.024727,0.36826,0.68789,1.0589,1.2838,1.3045,1.2609,1.295,1.3708,1.4321,1.3217
2,-0.74154,-0.69253,-0.50136,-0.24637,0.032341,0.34275,0.676,0.93085,1.1391,1.3216,1.3915,1.4066,1.3847,1.4344,1.4119
2,-0.74331,-0.62816,-0.47228,-0.21469,0.053997,0.35009,0.65868,0.99214,1.2195,1.4737,1.4759,1.44,1.4477,1.5195,1.5176
2,-0.58386,-0.50427,-0.31552,-0.032357,0.15071,0.36622,0.60481,0.84768,1.0706,1.1734,1.258,1.2604,1.3792,1.3292,1.2579
3,-0.39354,-0.35478,-0.21612,-0.034058,0.23171,0.4876,0.74762,0.96701,1.1802,1.3964,1.4603,1.3854,1.3784,1.46,1.4648
3,-0.45083,-0.39862,-0.22338,-0.0033577,0.23456,0.49752,0.73508,0.94117,1.091,1.2832,1.436,1.4201,1.4327,1.4734,1.5031
3,-0.36303,-0.37012,-0.28061,-0.06469,0.19064,0.4395,0.6912,0.9758,1.1687,1.4135,1.359,1.353,1.4168,1.4894,1.4178
3,-0.46089,-0.40854,-0.22934,-0.0058535,0.23413,0.4823,0.72535,0.96044,1.1376,1.3722,1.4708,1.4811,1.477,1.4837,1.4618
3,-0.52437,-0.45181,-0.27003,-0.023621,0.23331,0.49359,0.73846,1.0015,1.1906,1.4141,1.4585,1.4426,1.4915,1.5455,1.4819
3,-0.42598,-0.39891,-0.26447,-0.024554,0.24464,0.51965,0.75343,0.93231,1.173,1.344,1.3481,1.3829,1.4501,1.5224,1.4147
3,-0.41838,-0.3691,-0.27087,-0.063672,0.19351,0.44094,0.68456,0.92437,1.1125,1.3268,1.448,1.4233,1.4168,1.4606,1.4189
