1,-0.61138,-0.61059,-0.60656,-0.60113,-0.59431,-0.58576,-0.57742,-0.57018,-0.56329,-0.55741,-0.55306
1,-0.61539,-0.61373,-0.60923,-0.60432,-0.59877,-0.59051,-0.58162,-0.57293,-0.56537,-0.55991,-0.55469
1,-0.612,-0.6105,-0.60637,-0.60045,-0.59308,-0.58525,-0.57712,-0.56883,-0.5616,-0.55609,-0.5515
1,-0.62278,-0.62222,-0.61905,-0.61325,-0.60589,-0.59751,-0.58905,-0.5807,-0.57282,-0.56673,-0.5621
1,-0.62179,-0.62127,-0.6173,-0.61207,-0.60547,-0.59761,-0.58916,-0.58142,-0.57462,-0.56841,-0.5631
2,-0.60023,-0.59958,-0.59614,-0.59066,-0.58336,-0.5744,-0.56548,-0.5572,-0.54921,-0.54383,-0.5397
2,-0.61543,-0.61416,-0.61004,-0.60396,-0.59679,-0.58888,-0.57962,-0.57141,-0.5649,-0.55946,-0.55461
2,-0.61401,-0.61237,-0.60847,-0.60297,-0.59602,-0.58802,-0.57909,-0.57036,-0.56298,-0.5572,-0.55223
2,-0.59665,-0.59502,-0.59179,-0.58667,-0.57923,-0.5712,-0.56291,-0.55468,-0.5477,-0.54141,-0.53634
2,-0.62075,-0.62011,-0.61643,-0.61104,-0.60373,-0.59567,-0.58756,-0.57983,-0.57319,-0.56691,-0.56094
2,-0.61131,-0.61026,-0.60706,-0.60129,-0.59375,-0.5853,-0.57699,-0.56959,-0.5626,-0.55641,-0.55169
2,-0.62228,-0.62085,-0.61724,-0.61264,-0.60648,-0.59892,-0.59035,-0.58203,-0.57467,-0.56854,-0.56353
2,-0.61072,-0.61031,-0.60694,-0.60119,-0.59377,-0.58503,-0.57784,-0.57025,-0.56237,-0.55596,-0.55042
3,-0.61327,-0.61097,-0.60566,-0.59962,-0.59205,-0.58295,-0.5746,-0.56623,-0.55716,-0.55108,-0.54702
3,-0.61759,-0.61654,-0.61266,-0.60683,-0.59974,-0.59102,-0.58268,-0.57498,-0.56733,-0.56148,-0.55626
3,-0.59092,-0.58952,-0.58606,-0.58205,-0.575,-0.56657,-0.55909,-0.55161,-0.545,-0.53924,-0.5344
3,-0.60254,-0.60297,-0.5995,-0.59345,-0.58667,-0.57963,-0.57245,-0.56488,-0.55722,-0.55091,-0.54682
4,-0.61157,-0.61015,-0.60602,-0.59985,-0.59202,-0.58329,-0.57409,-0.56536,-0.55823,-0.55284,-0.54852
4,-0.61466,-0.61285,-0.60806,-0.60217,-0.59452,-0.58649,-0.57907,-0.57029,-0.56152,-0.55591,-0.5515
4,-0.60932,-0.6083,-0.60374,-0.59701,-0.58987,-0.58186,-0.57343,-0.56492,-0.55711,-0.55063,-0.54548
4,-0.61545,-0.61408,-0.60979,-0.60406,-0.5959,-0.58714,-0.57852,-0.57016,-0.56224,-0.55624,-0.55197
4,-0.61183,-0.6104,-0.60616,-0.60003,-0.59274,-0.58474,-0.57621,-0.56738,-0.55981,-0.5535,-0.54865
4,-0.61466,-0.61398,-0.61001,-0.60363,-0.59648,-0.58855,-0.57975,-0.57144,-0.56383,-0.55757,-0.55254
4,-0.6169,-0.61478,-0.61065,-0.60488,-0.59702,-0.58827,-0.57955,-0.57108,-0.56357,-0.55735,-0.55233
4,-0.6096,-0.6078,-0.60428,-0.59923,-0.59134,-0.58237,-0.57476,-0.56693,-0.55877,-0.55239,-0.5477
4,-0.61181,-0.60982,-0.60552,-0.59931,-0.59105,-0.58271,-0.57465,-0.56572,-0.55826,-0.5523,-0.54703
4,-0.6091,-0.60781,-0.6031,-0.59694,-0.59029,-0.58174,-0.57209,-0.56323,-0.55615,-0.55084,-0.54593
4,-0.61434,-0.6121,-0.6084,-0.60237,-0.59478,-0.5865,-0.57891,-0.56977,-0.55959,-0.55508,-0.55084
4,-0.61107,-0.60989,-0.60657,-0.60107,-0.59336,-0.58445,-0.57568,-0.56697,-0.55949,-0.55304,-0.54749
4,-0.60749,-0.60652,-0.60212,-0.59646,-0.59026,-0.58193,-0.57329,-0.56608,-0.55835,-0.55115,-0.54677
