8,-0.65757,-0.57131,-0.34851,-0.097918,0.17252,0.45042,0.69102,0.94564,1.1752,1.4173,1.4729,1.428,1.4921,1.4454
8,-0.60677,-0.51222,-0.34396,-0.086585,0.18196,0.43954,0.68327,0.90546,1.1069,1.3056,1.523,1.5063,1.452,1.4691
5,-0.82578,-0.81114,-0.61747,-0.32643,-0.03394,0.27457,0.58574,0.90161,1.1972,1.4973,1.5713,1.5331,1.4816,1.5669
8,-0.60384,-0.51371,-0.31538,-0.06826,0.18193,0.45668,0.72921,0.94471,1.1869,1.4323,1.4709,1.4291,1.5039,1.4537
8,-0.58582,-0.50218,-0.35666,-0.1112,0.14111,0.3981,0.63991,0.91469,1.0969,1.3203,1.5096,1.4758,1.5162,1.5646
8,-0.57411,-0.49085,-0.34518,-0.08656,0.18662,0.452,0.6917,0.92762,1.1441,1.3462,1.5741,1.581,1.4551,1.3377
8,-0.58572,-0.51085,-0.34076,-0.088944,0.17697,0.45019,0.72728,0.95799,1.138,1.3842,1.4757,1.4528,1.4241,1.4899
7,-0.92862,-0.83081,-0.59657,-0.32606,-0.0040754,0.29776,0.63568,0.94149,1.1997,1.5096,1.6164,1.5929,1.6421,1.6045
8,-0.6,-0.52315,-0.3279,-0.086164,0.17644,0.42876,0.68986,0.94542,1.19,1.4169,1.4808,1.4058,1.3207,1.3685
5,-0.85188,-0.75692,-0.54943,-0.27505,0.024274,0.34442,0.67431,0.99911,1.2721,1.5332,1.5818,1.4775,1.5423,1.566
8,-0.57009,-0.49977,-0.31976,-0.076072,0.13455,0.3975,0.65188,0.89823,1.1024,1.3174,1.5189,1.493,1.459,1.5021
7,-0.52003,-0.45545,-0.27568,-0.096633,0.15506,0.42312,0.67241,0.92285,1.1145,1.3776,1.4898,1.4244,1.4019,1.4499
4,-0.81056,-0.74495,-0.58913,-0.42138,-0.12798,0.17059,0.47048,0.70975,0.9991,1.2375,1.413,1.5548,1.5731,1.5548
4,-0.96366,-0.85926,-0.63806,-0.34672,-0.064515,0.23354,0.52556,0.87331,1.155,1.4045,1.6261,1.604,1.5706,1.5931
4,-0.83299,-0.74285,-0.54528,-0.27061,0.038274,0.32686,0.58834,0.91768,1.1424,1.3713,1.5079,1.5138,1.4763,1.3195
6,-0.92622,-0.86822,-0.631,-0.31956,-0.0086839,0.30089,0.61308,0.96272,1.2454,1.5338,1.5754,1.4534,1.447,1.525
3,-0.76246,-0.72588,-0.56266,-0.30043,-0.0355,0.23682,0.51093,0.77209,1.009,1.2619,1.4054,1.5294,1.538,1.4446
5,-0.83791,-0.78628,-0.57532,-0.31388,0.0056936,0.35845,0.68974,0.91085,1.1627,1.3895,1.5375,1.4051,1.3763,1.4782
5,-0.77013,-0.79652,-0.60416,-0.35047,-0.05537,0.26329,0.52975,0.78709,1.1278,1.3986,1.5256,1.4889,1.4918,1.4248
4,-0.86909,-0.76533,-0.56408,-0.28723,-0.015439,0.24747,0.52029,0.81091,1.0814,1.3364,1.5419,1.4959,1.5138,1.439
8,-0.64661,-0.53376,-0.32245,-0.06499,0.16157,0.44168,0.66866,0.90626,1.1615,1.4432,1.4211,1.3588,1.4561,1.511
6,-0.8553,-0.76937,-0.62178,-0.3505,-0.052908,0.2651,0.58221,0.88053,1.2163,1.4879,1.6557,1.5761,1.5276,1.6348
8,-0.69168,-0.57611,-0.37379,-0.12549,0.14155,0.42615,0.65117,0.89176,1.1512,1.3926,1.5075,1.4435,1.4793,1.5446
6,-0.93457,-0.83917,-0.63375,-0.36929,-0.085005,0.21855,0.52821,0.82068,1.034,1.3768,1.645,1.6727,1.5785,1.6153
8,-0.62355,-0.52934,-0.32978,-0.093029,0.16929,0.42191,0.666,0.90764,1.095,1.3112,1.5242,1.5139,1.4759,1.4832
8,-0.48931,-0.43756,-0.2694,-0.053232,0.1509,0.40015,0.67109,0.93256,1.1709,1.411,1.4047,1.3383,1.3748,1.4063
8,-0.60321,-0.5555,-0.36532,-0.11398,0.10963,0.38641,0.63742,0.87479,1.0764,1.3487,1.4589,1.4633,1.4588,1.426
8,-0.55795,-0.46467,-0.27904,-0.039423,0.17841,0.44538,0.69748,0.93543,1.1012,1.3079,1.48,1.4379,1.421,1.4631
8,-0.58658,-0.48242,-0.31868,-0.1245,0.068325,0.34269,0.58978,0.84886,1.0274,1.2762,1.4153,1.4352,1.4055,1.4034
5,-0.84878,-0.75648,-0.53978,-0.33806,-0.056065,0.29148,0.63188,0.9782,1.2573,1.496,1.5172,1.4373,1.4823,1.5579
8,-0.62997,-0.53623,-0.33727,-0.10668,0.15924,0.42003,0.67206,0.8792,1.1101,1.3888,1.5337,1.4928,1.4699,1.5075
4,-0.85683,-0.787,-0.589,-0.31617,-0.0058022,0.30055,0.5916,0.85146,1.1054,1.3805,1.5162,1.5336,1.5234,1.4693
5,-0.87571,-0.76797,-0.56079,-0.28318,0.028358,0.3173,0.59423,0.88211,1.1426,1.496,1.5419,1.4499,1.466,1.573
5,-0.90648,-0.78035,-0.57645,-0.30272,0.0076388,0.32569,0.6312,0.88029,1.2031,1.4377,1.524,1.4994,1.4428,1.5013
7,-0.66037,-0.56196,-0.33884,-0.1357,0.093847,0.34115,0.61798,0.86711,1.0746,1.3642,1.513,1.5406,1.5665,1.6363
5,-0.92788,-0.82809,-0.5862,-0.37731,-0.056511,0.26077,0.59858,0.86923,1.2369,1.4789,1.5426,1.4499,1.4722,1.5179
8,-0.66393,-0.55521,-0.35364,-0.10986,0.11541,0.39167,0.63314,0.91415,1.1587,1.4044,1.5347,1.5101,1.5841,1.6295
8,-0.68672,-0.56818,-0.33481,-0.10274,0.13196,0.39059,0.67805,0.91875,1.1792,1.4128,1.5338,1.4172,1.4254,1.5566
4,-0.7716,-0.7078,-0.50758,-0.22724,0.039453,0.37229,0.63394,0.855,1.1066,1.3169,1.4454,1.5236,1.4773,1.3608
8,-0.60728,-0.51721,-0.32678,-0.11615,0.14711,0.40664,0.66811,0.9509,1.1767,1.4042,1.4567,1.4156,1.4145,1.3491
4,-0.79751,-0.70427,-0.51842,-0.27437,-0.0013972,0.27207,0.54558,0.81155,1.0625,1.3922,1.5523,1.627,1.5661,1.6112
8,-0.56255,-0.47693,-0.30889,-0.079309,0.18244,0.45153,0.68112,0.8976,1.1361,1.3518,1.3828,1.3442,1.3998,1.3117
5,-0.90182,-0.80227,-0.58483,-0.2889,0.014339,0.30969,0.60767,0.92836,1.2636,1.5253,1.6328,1.5175,1.4746,1.5731
8,-0.68328,-0.57215,-0.35306,-0.13557,0.13105,0.40244,0.68529,0.93619,1.1805,1.3914,1.5268,1.5083,1.5613,1.5286
4,-0.8331,-0.7221,-0.51055,-0.29114,0.0065551,0.31505,0.62429,0.8916,1.1384,1.4115,1.5258,1.5247,1.5067,1.4383
4,-0.72608,-0.69804,-0.5339,-0.26722,-0.012491,0.25627,0.54705,0.80972,1.0765,1.3511,1.481,1.5351,1.5252,1.4363
8,-0.5888,-0.49557,-0.30065,-0.10107,0.1813,0.43703,0.69424,0.94581,1.1904,1.3546,1.323,1.3289,1.4712,1.5309
5,-0.9211,-0.81417,-0.58386,-0.28725,0.022384,0.35136,0.58291,0.87684,1.1198,1.3952,1.61,1.5571,1.4699,1.408
8,-0.55063,-0.4697,-0.29596,-0.11283,0.1466,0.4117,0.65708,0.89486,1.1027,1.34,1.4891,1.4329,1.4189,1.4827
3,-0.73133,-0.63235,-0.429,-0.15898,0.13768,0.33967,0.57378,0.8488,1.0725,1.3073,1.3928,1.4702,1.4201,1.2953
8,-0.6114,-0.52249,-0.34781,-0.11013,0.14144,0.38508,0.65695,0.9051,1.1466,1.3757,1.5302,1.5181,1.5152,1.5967
4,-0.74306,-0.62314,-0.45761,-0.20282,0.036466,0.30791,0.6171,0.80909,0.98821,1.2605,1.5015,1.4996,1.5023,1.4268
5,-0.80933,-0.73662,-0.54183,-0.28445,-0.0087011,0.27565,0.61022,0.92701,1.1851,1.4759,1.6016,1.4956,1.4559,1.5285
8,-0.55974,-0.48005,-0.31005,-0.085271,0.1649,0.39688,0.66094,0.92328,1.1689,1.381,1.4784,1.4852,1.556,1.5169
5,-0.83996,-0.73934,-0.54574,-0.34067,-0.058115,0.23941,0.57096,0.84263,1.1637,1.4056,1.576,1.5385,1.4911,1.582
8,-0.62876,-0.52806,-0.30995,-0.064449,0.19034,0.45671,0.70794,0.95918,1.2088,1.42,1.487,1.3776,1.3498,1.5036
4,-0.83295,-0.75068,-0.55382,-0.30992,-0.039039,0.27057,0.55935,0.84551,1.1411,1.4602,1.5774,1.5707,1.5226,1.5602
5,-0.78618,-0.70108,-0.50561,-0.25385,0.052424,0.35234,0.60701,0.84053,1.1499,1.3894,1.4781,1.4455,1.4567,1.4481
4,-0.79971,-0.72795,-0.53644,-0.2752,0.017805,0.30853,0.60948,0.8344,1.1107,1.3185,1.4547,1.4926,1.5099,1.4437
4,-0.80645,-0.72884,-0.57545,-0.35582,-0.065215,0.25395,0.51205,0.77476,1.0995,1.4029,1.5168,1.4897,1.4925,1.5137
8,-0.63627,-0.53016,-0.34024,-0.10521,0.15854,0.44423,0.68607,0.91902,1.1561,1.373,1.4891,1.4505,1.3835,1.4399
4,-0.88606,-0.78346,-0.56128,-0.2838,0.018791,0.31662,0.636,0.88357,1.1747,1.4521,1.5306,1.5233,1.4942,1.4325
8,-0.51805,-0.44137,-0.28796,-0.059931,0.15328,0.37097,0.64816,0.89943,1.1461,1.3486,1.515,1.4379,1.4329,1.5356
8,-0.68766,-0.56928,-0.33631,-0.069214,0.21002,0.49484,0.74441,1.032,1.2653,1.4356,1.4608,1.4881,1.4738,1.3438
5,-0.82116,-0.74907,-0.57345,-0.38767,-0.086037,0.21045,0.53028,0.83472,1.1744,1.4792,1.6109,1.564,1.507,1.5511
8,-0.58209,-0.49141,-0.30617,-0.077532,0.15083,0.42759,0.66986,0.86253,1.1122,1.3653,1.46,1.3685,1.3941,1.4773
5,-0.93663,-0.82705,-0.61472,-0.31959,-0.10099,0.21361,0.54761,0.86096,1.1628,1.4656,1.5209,1.5472,1.473,1.4684
8,-0.6336,-0.53557,-0.3184,-0.058674,0.2097,0.46743,0.68985,0.92881,1.1635,1.4108,1.4826,1.4355,1.4783,1.4277
5,-0.88328,-0.85235,-0.63116,-0.34337,-0.026142,0.2769,0.57293,0.86944,1.1115,1.4378,1.6511,1.6383,1.5287,1.5111
8,-0.57234,-0.50647,-0.32012,-0.091879,0.16263,0.43277,0.68177,0.91108,1.1129,1.3725,1.5035,1.5213,1.4907,1.565
8,-0.53133,-0.4539,-0.26599,-0.081371,0.19648,0.45667,0.69515,0.92568,1.1025,1.3752,1.4053,1.3229,1.3373,1.4024
8,-0.58207,-0.48333,-0.34327,-0.1548,0.084158,0.35516,0.62329,0.8505,1.0524,1.2896,1.478,1.405,1.3844,1.465
5,-0.92911,-0.82836,-0.62508,-0.40108,-0.10087,0.19175,0.49971,0.80235,1.1086,1.3824,1.6096,1.607,1.5846,1.5516
8,-0.64207,-0.54552,-0.33081,-0.074185,0.17724,0.44658,0.71136,0.94421,1.185,1.4203,1.5377,1.4252,1.4361,1.5345
5,-0.94611,-0.8356,-0.60739,-0.34293,-0.022686,0.29167,0.59937,0.89788,1.1875,1.5029,1.5152,1.4622,1.4275,1.4879
6,-0.91652,-0.82895,-0.59333,-0.32512,0.0031835,0.30423,0.59407,0.92615,1.2445,1.5462,1.6534,1.539,1.5077,1.6037
6,-0.9224,-0.82428,-0.61378,-0.39012,-0.09334,0.21316,0.52693,0.79971,1.0901,1.4016,1.5813,1.5766,1.5708,1.6246
5,-0.91048,-0.82162,-0.59417,-0.39596,-0.070186,0.25055,0.59215,0.91147,1.2416,1.5062,1.5401,1.4827,1.4861,1.5538
8,-0.46543,-0.39639,-0.28366,-0.10319,0.15806,0.42144,0.68143,0.92072,1.0837,1.3055,1.4366,1.417,1.4198,1.4147
4,-0.7893,-0.73816,-0.53986,-0.27618,0.037852,0.33782,0.60356,0.84691,1.0985,1.3315,1.499,1.5424,1.5556,1.482
8,-0.58965,-0.5199,-0.33025,-0.10866,0.14726,0.41105,0.65265,0.9065,1.1503,1.3748,1.5804,1.5181,1.5258,1.5899
7,-0.54932,-0.47297,-0.28645,-0.10131,0.15027,0.42206,0.69618,0.94339,1.174,1.427,1.4886,1.4017,1.4121,1.4975
8,-0.62913,-0.53036,-0.30624,-0.096806,0.15365,0.44489,0.71493,0.90384,1.1485,1.3551,1.3937,1.3764,1.4719,1.5598
4,-0.80106,-0.72921,-0.55847,-0.31097,-0.059187,0.24026,0.54247,0.8256,1.0883,1.3277,1.5237,1.564,1.5186,1.5305
7,-0.52431,-0.45729,-0.2788,-0.060195,0.16455,0.42266,0.68717,0.93152,1.1545,1.379,1.582,1.5377,1.4153,1.4916
8,-0.55837,-0.53029,-0.36496,-0.15476,0.089636,0.34708,0.60321,0.84477,1.0256,1.227,1.4358,1.4484,1.3364,1.4449
4,-0.69273,-0.68696,-0.49773,-0.23656,0.053559,0.33796,0.66024,0.87229,1.1046,1.3198,1.4958,1.5766,1.6047,1.5692
7,-0.59047,-0.54544,-0.35694,-0.11857,0.15292,0.4199,0.68091,0.93011,1.1801,1.4567,1.5402,1.4469,1.4791,1.5486
7,-0.89569,-0.86802,-0.65007,-0.36344,-0.11278,0.19548,0.52066,0.83211,1.0892,1.3261,1.5879,1.5756,1.4846,1.5045
4,-0.86427,-0.7714,-0.55405,-0.31845,-0.041268,0.24823,0.56218,0.80059,1.0347,1.3521,1.5283,1.5509,1.5407,1.4957
8,-0.63127,-0.54284,-0.34306,-0.10548,0.15681,0.4185,0.68071,0.93025,1.1844,1.4393,1.5497,1.4729,1.4755,1.518
8,-0.61158,-0.52148,-0.30937,-0.082913,0.17244,0.41985,0.66046,0.9137,1.1321,1.3541,1.4096,1.3188,1.429,1.488
8,-0.61422,-0.50679,-0.29373,-0.045592,0.23121,0.50567,0.6943,0.90422,1.087,1.3005,1.5433,1.4763,1.4105,1.4344
8,-0.60441,-0.5046,-0.33983,-0.11082,0.13738,0.3941,0.65039,0.8843,1.1271,1.3232,1.5141,1.4725,1.4584,1.5387
8,-0.58966,-0.49196,-0.34802,-0.13995,0.12101,0.39748,0.64461,0.89677,1.1167,1.3793,1.4551,1.3631,1.4049,1.4467
4,-0.80804,-0.80072,-0.55951,-0.39271,-0.08945,0.214,0.51691,0.81049,1.0481,1.2959,1.4633,1.5363,1.507,1.513
8,-0.62569,-0.54215,-0.34552,-0.1589,0.11915,0.36595,0.63426,0.87718,1.1192,1.3193,1.4836,1.4883,1.5017,1.4906
4,-0.86962,-0.77333,-0.54944,-0.28088,0.0065097,0.30071,0.57677,0.89223,1.1608,1.435,1.6156,1.6653,1.6144,1.6525
4,-0.71628,-0.65997,-0.46894,-0.25118,0.015327,0.2976,0.58155,0.8739,1.0827,1.3125,1.5034,1.6393,1.6039,1.6195
8,-0.6175,-0.53572,-0.32599,-0.090801,0.16207,0.43768,0.70313,0.93291,1.1592,1.3897,1.5001,1.4554,1.5251,1.424
8,-0.63118,-0.5388,-0.35474,-0.10237,0.16948,0.43099,0.68532,0.91538,1.1025,1.3412,1.4629,1.4333,1.4434,1.4432
7,-0.58149,-0.49552,-0.30951,-0.059968,0.19606,0.40856,0.67725,0.87348,1.1105,1.3326,1.454,1.4242,1.4067,1.4062
4,-0.84059,-0.77254,-0.608,-0.3295,-0.044166,0.25524,0.57452,0.84717,1.0594,1.3296,1.4965,1.5008,1.4984,1.4262
8,-0.59182,-0.51229,-0.33054,-0.095265,0.16173,0.3792,0.63283,0.90966,1.1416,1.4023,1.4221,1.3687,1.4439,1.397
8,-0.61275,-0.51972,-0.30289,-0.053771,0.18615,0.46062,0.7015,0.87994,1.1031,1.3578,1.4896,1.4237,1.469,1.5706
8,-0.60726,-0.54451,-0.3442,-0.11492,0.1454,0.39637,0.65484,0.87889,1.1192,1.3494,1.4502,1.4016,1.3931,1.4075
5,-0.89116,-0.79174,-0.64436,-0.40842,-0.18306,0.097011,0.39058,0.72161,1.0102,1.3282,1.6266,1.6419,1.588,1.6094
8,-0.65476,-0.59814,-0.3863,-0.14101,0.080363,0.34779,0.59685,0.84907,1.0646,1.3248,1.5045,1.5182,1.5361,1.5239
6,-0.93021,-0.81934,-0.59989,-0.31039,-0.01868,0.30092,0.57781,0.90383,1.1673,1.482,1.6748,1.6342,1.5965,1.6703
5,-0.8777,-0.77703,-0.64889,-0.36615,-0.10995,0.21305,0.50259,0.80762,1.1264,1.4952,1.6453,1.5712,1.4998,1.5678
4,-0.8515,-0.72162,-0.54184,-0.30888,-0.046869,0.25443,0.52587,0.74442,0.95675,1.3,1.5082,1.5289,1.5185,1.5813
4,-0.78954,-0.67476,-0.53217,-0.27143,0.014976,0.31192,0.57401,0.83884,1.0628,1.388,1.5113,1.5271,1.5354,1.5551
4,-0.82733,-0.7689,-0.5575,-0.30908,-0.003085,0.27379,0.59799,0.905,1.1726,1.4693,1.6235,1.6172,1.6288,1.5514
8,-0.65968,-0.5519,-0.33522,-0.070022,0.19789,0.48078,0.75897,0.99124,1.2364,1.4593,1.461,1.4707,1.5674,1.4824
4,-0.63464,-0.54422,-0.47018,-0.26741,-0.076735,0.2097,0.5169,0.77559,1.0119,1.2772,1.4366,1.4889,1.4855,1.3811
4,-0.8114,-0.80991,-0.65741,-0.43679,-0.12514,0.18813,0.47991,0.73556,1.0211,1.2677,1.4088,1.4211,1.4042,1.3092
6,-0.91235,-0.8209,-0.58992,-0.3046,-0.0056313,0.26939,0.56902,0.82613,1.1013,1.3797,1.5812,1.5286,1.5391,1.7
4,-0.70937,-0.712,-0.56898,-0.37479,-0.11556,0.19716,0.50002,0.82353,1.0948,1.2931,1.4949,1.5716,1.5706,1.5096
5,-0.83553,-0.83324,-0.59544,-0.31951,-0.079386,0.24949,0.48861,0.82094,1.1051,1.4256,1.496,1.4206,1.3944,1.4926
7,-0.59255,-0.5201,-0.31822,-0.13175,0.13471,0.3902,0.65663,0.92685,1.1872,1.3964,1.598,1.5999,1.4418,1.469
4,-0.82189,-0.74326,-0.51976,-0.24895,0.026273,0.31574,0.61735,0.85276,1.0844,1.3329,1.4861,1.5316,1.5071,1.4723
8,-0.60384,-0.51339,-0.32731,-0.10852,0.14888,0.41022,0.68162,0.89684,1.1103,1.3322,1.5315,1.5173,1.4844,1.5305
8,-0.54514,-0.46879,-0.2797,-0.095992,0.11849,0.38875,0.66778,0.9136,1.1066,1.3315,1.4951,1.402,1.3736,1.4716
4,-0.77477,-0.68472,-0.49933,-0.25082,0.019962,0.31894,0.62756,0.86795,1.0929,1.3505,1.5399,1.5672,1.5624,1.4826
8,-0.61758,-0.5176,-0.33288,-0.10821,0.15281,0.42678,0.67592,0.92518,1.1364,1.384,1.5683,1.5525,1.5047,1.5883
8,-0.64432,-0.54708,-0.34182,-0.16409,0.10342,0.38003,0.62224,0.86456,1.1077,1.3438,1.4484,1.4128,1.4782,1.4351
4,-0.76818,-0.68915,-0.48944,-0.24514,0.044012,0.32632,0.63855,0.90626,1.0803,1.3328,1.5003,1.4753,1.4807,1.4515
8,-0.65,-0.55362,-0.35196,-0.097301,0.16402,0.4328,0.68056,0.92887,1.1373,1.3847,1.51,1.4494,1.4474,1.4052
8,-0.56879,-0.54863,-0.35666,-0.14237,0.098129,0.36761,0.64005,0.89696,1.13,1.3672,1.4786,1.4022,1.4199,1.5142
5,-0.88488,-0.79854,-0.56988,-0.3649,-0.048552,0.26866,0.58201,0.83906,1.1846,1.484,1.5539,1.5106,1.5214,1.5811
8,-0.57818,-0.53271,-0.33779,-0.091404,0.17114,0.44191,0.68861,0.92764,1.1333,1.3452,1.5156,1.4644,1.5384,1.621
8,-0.60927,-0.5199,-0.33009,-0.087652,0.17765,0.43862,0.69031,0.93663,1.1398,1.3613,1.5398,1.488,1.3928,1.4888
4,-0.80388,-0.73329,-0.53271,-0.28013,0.0063107,0.30892,0.53932,0.8134,1.0139,1.2893,1.4548,1.4869,1.4365,1.3687
4,-0.83908,-0.77238,-0.5678,-0.31578,-0.021235,0.27627,0.56045,0.84131,1.0823,1.3898,1.5587,1.5876,1.5957,1.5957
8,-0.66397,-0.56543,-0.35058,-0.11477,0.12417,0.39942,0.6479,0.88867,1.0945,1.2853,1.4943,1.5034,1.4676,1.4581
8,-0.61606,-0.52842,-0.33956,-0.099379,0.11902,0.38577,0.65325,0.90002,1.1683,1.4253,1.543,1.47,1.4874,1.4896
4,-0.75946,-0.68858,-0.50671,-0.25838,0.019541,0.29294,0.5265,0.769,1.0013,1.287,1.4823,1.5788,1.5684,1.4713
5,-0.82777,-0.71616,-0.54068,-0.27755,0.014522,0.31787,0.63273,0.90074,1.1208,1.4677,1.5222,1.3843,1.3683,1.4857
7,-0.68111,-0.562,-0.38429,-0.12612,0.15681,0.43194,0.70445,0.97433,1.219,1.4546,1.5839,1.524,1.5109,1.5026
7,-0.84153,-0.81058,-0.64383,-0.37386,-0.078851,0.2161,0.52205,0.82189,1.1043,1.3395,1.6061,1.6206,1.5127,1.506
8,-0.57145,-0.48997,-0.29145,-0.10595,0.14752,0.41108,0.67643,0.91079,1.1406,1.3419,1.4859,1.4284,1.385,1.4656
8,-0.57449,-0.49135,-0.30088,-0.063345,0.16368,0.43297,0.65259,0.92371,1.1624,1.4043,1.5482,1.4813,1.4613,1.3495
6,-0.97254,-0.87284,-0.63735,-0.36956,-0.048862,0.28391,0.62322,0.96649,1.3121,1.5216,1.554,1.5179,1.5915,1.523
4,-0.68632,-0.62683,-0.49301,-0.24627,-0.0054453,0.27427,0.533,0.71423,1.0222,1.2824,1.4925,1.5895,1.6154,1.6262
5,-0.82231,-0.73163,-0.55392,-0.29824,-0.020754,0.26346,0.56454,0.77609,1.075,1.3342,1.5068,1.5064,1.5097,1.4614
8,-0.61145,-0.52143,-0.33361,-0.11247,0.097307,0.35668,0.61335,0.86736,1.0915,1.3319,1.5502,1.4956,1.4388,1.5129
5,-0.78515,-0.71342,-0.50319,-0.27779,-0.004255,0.2774,0.5625,0.82928,1.1043,1.3798,1.5564,1.5697,1.5747,1.5754
8,-0.57305,-0.54244,-0.32744,-0.081652,0.13418,0.39878,0.66457,0.91544,1.1527,1.4086,1.4433,1.4087,1.4551,1.4536
4,-0.76391,-0.71446,-0.54577,-0.28655,0.0055178,0.31285,0.62899,0.93302,1.2287,1.4562,1.581,1.4863,1.4941,1.5128
6,-0.91711,-0.82167,-0.60404,-0.31434,-0.017565,0.31522,0.60773,0.95004,1.2765,1.5519,1.6277,1.5461,1.483,1.549
4,-0.79497,-0.69965,-0.48188,-0.2145,0.056949,0.30178,0.57813,0.81447,1.0057,1.2311,1.4189,1.5328,1.523,1.4531
8,-0.56566,-0.48517,-0.29863,-0.061264,0.18524,0.39699,0.64842,0.87346,1.0946,1.3404,1.5572,1.5521,1.49,1.5111
5,-0.90159,-0.80135,-0.5813,-0.28918,0.00977,0.32687,0.62882,0.86742,1.1021,1.343,1.485,1.4906,1.4894,1.4672
5,-0.82253,-0.7605,-0.61083,-0.32762,-0.053449,0.24289,0.55643,0.89556,1.1701,1.4782,1.5879,1.6148,1.5551,1.6007
4,-0.80629,-0.73335,-0.51697,-0.26129,0.0038278,0.30211,0.60969,0.8065,1.0527,1.2998,1.4866,1.5974,1.5314,1.5788
4,-0.76683,-0.74348,-0.57237,-0.32701,-0.043686,0.26974,0.59068,0.83027,1.1158,1.3412,1.5537,1.5788,1.5743,1.5595
8,-0.62783,-0.58547,-0.39087,-0.13658,0.083916,0.3663,0.62089,0.84485,1.0274,1.2379,1.4783,1.4978,1.4839,1.4853
4,-0.73645,-0.73643,-0.51861,-0.2372,0.082258,0.42395,0.64769,0.88734,1.0384,1.2978,1.3991,1.3991,1.4152,1.3468
8,-0.5734,-0.53078,-0.34076,-0.15572,0.11387,0.39212,0.64033,0.91021,1.1427,1.3918,1.5462,1.4852,1.4798,1.4646
4,-0.71031,-0.64549,-0.48959,-0.29854,-0.034745,0.22969,0.52596,0.69989,1.0044,1.3083,1.4601,1.5375,1.4945,1.5301
8,-0.61314,-0.52098,-0.36308,-0.11853,0.11927,0.38722,0.67122,0.91748,1.1357,1.3437,1.4265,1.4464,1.5336,1.5215
8,-0.56402,-0.46674,-0.34222,-0.091973,0.15104,0.43078,0.66978,0.90412,1.175,1.3529,1.5627,1.5523,1.4857,1.4984
8,-0.63453,-0.58648,-0.38637,-0.12061,0.14442,0.40488,0.68027,0.88072,1.062,1.2734,1.5018,1.5159,1.4549,1.5026
4,-0.70853,-0.64298,-0.44615,-0.27288,-0.068885,0.24659,0.52712,0.79593,1.0562,1.3074,1.4679,1.5494,1.5429,1.4515
4,-0.83957,-0.76449,-0.54243,-0.31248,-0.046047,0.26083,0.55805,0.86554,1.1135,1.4122,1.5143,1.5046,1.4979,1.5222
4,-0.86486,-0.7602,-0.58463,-0.30906,-0.016181,0.29688,0.62274,0.94742,1.2405,1.4726,1.6005,1.5969,1.5721,1.557
6,-0.905,-0.82911,-0.58469,-0.31195,-0.0086943,0.30123,0.64209,0.93406,1.156,1.4515,1.5684,1.477,1.4337,1.5246
4,-0.7231,-0.64029,-0.51858,-0.26629,-0.01281,0.28223,0.57247,0.79338,0.97996,1.202,1.4101,1.4917,1.4645,1.4763
5,-0.89928,-0.81337,-0.6306,-0.38485,-0.095312,0.21716,0.52009,0.80976,1.1174,1.4284,1.5948,1.547,1.4706,1.5593
4,-0.81822,-0.73006,-0.60532,-0.33478,-0.031366,0.26181,0.58629,0.84528,1.1064,1.43,1.5331,1.4502,1.4615,1.5025
4,-0.82689,-0.74745,-0.53477,-0.25807,0.021221,0.33495,0.62418,0.87823,1.2109,1.4344,1.5687,1.4968,1.4889,1.5704
5,-0.91708,-0.8203,-0.60423,-0.31541,-0.024915,0.25884,0.57205,0.90968,1.2273,1.5063,1.5465,1.4861,1.5138,1.5759
4,-0.77327,-0.70032,-0.53181,-0.31063,-0.017642,0.27984,0.60849,0.86649,1.1325,1.3417,1.5248,1.6082,1.5525,1.5546
4,-0.74583,-0.73331,-0.54928,-0.36546,-0.058026,0.24351,0.53826,0.79251,1.0917,1.3491,1.5676,1.6054,1.6114,1.5892
5,-0.84876,-0.75611,-0.54925,-0.27576,0.017242,0.31388,0.60028,0.85425,1.1059,1.3936,1.5764,1.5692,1.5504,1.5175
5,-0.84531,-0.75468,-0.54271,-0.27882,0.014828,0.33142,0.63161,0.92517,1.1874,1.4663,1.6542,1.5872,1.5175,1.5461
4,-0.65711,-0.58174,-0.41418,-0.17432,0.091517,0.38691,0.65378,0.87712,1.1446,1.3518,1.4296,1.4238,1.446,1.3687
5,-0.91694,-0.84706,-0.64618,-0.37523,-0.063996,0.21286,0.52783,0.88925,1.1115,1.3994,1.5727,1.5076,1.4325,1.5429
4,-0.71113,-0.64703,-0.47145,-0.20593,0.073944,0.39322,0.62937,0.90543,1.0989,1.3348,1.4605,1.4652,1.4167,1.2925
4,-0.79677,-0.71783,-0.53585,-0.26523,0.024417,0.32227,0.52943,0.80087,1.125,1.3687,1.4597,1.4465,1.5027,1.3971
7,-0.63261,-0.53238,-0.33484,-0.1372,0.11083,0.37317,0.62603,0.89676,1.1548,1.3577,1.5567,1.5098,1.4738,1.5401
5,-0.91624,-0.82195,-0.57183,-0.29045,-0.00056855,0.30724,0.63079,0.89154,1.1356,1.4719,1.5977,1.5277,1.5292,1.5986
7,-0.61518,-0.54154,-0.35291,-0.11509,0.14467,0.41127,0.66377,0.91714,1.1539,1.435,1.5211,1.4282,1.4565,1.4868
4,-0.73915,-0.69357,-0.59248,-0.35348,-0.045569,0.25064,0.52161,0.74738,1.0206,1.2762,1.5418,1.628,1.5979,1.4972
5,-0.91386,-0.80052,-0.59372,-0.31309,0.002237,0.32166,0.59102,0.87795,1.151,1.4465,1.6884,1.656,1.5365,1.6264
4,-0.77791,-0.68766,-0.57369,-0.31439,-0.019105,0.2674,0.56545,0.88889,1.1581,1.3609,1.5475,1.5596,1.554,1.5126
5,-0.86786,-0.81467,-0.57051,-0.28553,0.021635,0.3597,0.62834,0.85406,1.1359,1.3529,1.5501,1.544,1.579,1.4959
4,-0.71656,-0.65544,-0.44861,-0.22641,0.037407,0.34537,0.58346,0.83295,1.0288,1.3469,1.5154,1.5303,1.5229,1.4309
4,-0.82641,-0.73629,-0.52812,-0.24314,0.063784,0.33486,0.61644,0.85321,1.101,1.3848,1.5315,1.5041,1.5175,1.4084
7,-0.93004,-0.83236,-0.62531,-0.32939,-0.0064459,0.32961,0.6727,0.9792,1.2596,1.5928,1.6062,1.4983,1.4336,1.3969
5,-0.94886,-0.91908,-0.69181,-0.40675,-0.071642,0.22472,0.55486,0.81484,1.1558,1.3923,1.5434,1.4823,1.4753,1.4851
5,-0.87925,-0.78179,-0.60344,-0.32491,-0.042577,0.29836,0.58689,0.8279,1.1465,1.4647,1.5979,1.5554,1.5656,1.6143
4,-0.77321,-0.6957,-0.48317,-0.22601,0.064635,0.37423,0.59565,0.8401,1.0942,1.3508,1.494,1.5139,1.4962,1.4757
5,-0.97091,-0.84041,-0.66161,-0.38272,-0.090691,0.21686,0.49629,0.74411,1.009,1.3567,1.5184,1.4466,1.4477,1.566
5,-0.85605,-0.76215,-0.57589,-0.31633,-0.010579,0.23226,0.55421,0.84153,1.1185,1.4525,1.6025,1.5486,1.5625,1.6057
4,-0.77474,-0.69643,-0.51455,-0.2537,0.05115,0.29694,0.60353,0.84092,1.1103,1.3917,1.5424,1.4952,1.5024,1.4881
4,-0.78373,-0.70161,-0.55157,-0.29292,-0.014237,0.28368,0.60141,0.87579,1.2072,1.4203,1.5259,1.5415,1.5694,1.4741
4,-0.73823,-0.64253,-0.46929,-0.19162,0.07084,0.36449,0.63799,0.88311,1.1039,1.3628,1.5014,1.5579,1.5275,1.4221
4,-0.86698,-0.76046,-0.56633,-0.29529,0.0086878,0.29788,0.57532,0.89803,1.1566,1.4207,1.5473,1.5739,1.5136,1.3705
4,-0.881,-0.83997,-0.62874,-0.33747,-0.083927,0.23704,0.4551,0.81544,1.0771,1.3684,1.4888,1.484,1.4935,1.4435
4,-0.72223,-0.62541,-0.45898,-0.23492,0.026665,0.28314,0.52439,0.83142,1.09,1.2799,1.4754,1.5067,1.4955,1.5132
4,-0.74049,-0.67296,-0.51502,-0.26018,0.0132,0.30551,0.57808,0.85309,1.0882,1.3259,1.4987,1.5616,1.5176,1.5053
4,-0.80287,-0.70714,-0.50059,-0.29423,-0.024499,0.2562,0.57026,0.83496,1.1152,1.3873,1.5536,1.5961,1.5591,1.4493
4,-0.76442,-0.67873,-0.55435,-0.28623,0.013647,0.32983,0.55277,0.84075,1.043,1.3054,1.4968,1.5636,1.569,1.4873
4,-0.84142,-0.74159,-0.55283,-0.25236,0.0064572,0.30978,0.57121,0.80686,1.1074,1.3606,1.5135,1.5418,1.5278,1.4017
