0,-0.7065,-0.65997,-0.47379,-0.22616,0.10006,0.39363,0.69603,0.98459,1.1738,1.4781,1.4308,1.3673,1.4243,1.5021
0,-0.67716,-0.61351,-0.44078,-0.1737,0.089478,0.41211,0.755,0.91833,1.2383,1.4853,1.4402,1.3925,1.4544,1.4933
1,-0.86666,-0.78243,-0.56701,-0.25184,0.046497,0.3816,0.72964,1.0423,1.32,1.4366,1.4312,1.4969,1.5923,1.5808
1,-0.68795,-0.64332,-0.45842,-0.21186,0.084291,0.36849,0.59411,0.83892,1.1711,1.424,1.4724,1.5052,1.4942,1.5292
1,-0.88775,-0.79495,-0.5776,-0.26102,0.059059,0.40095,0.75815,1.0653,1.3995,1.4306,1.3526,1.3619,1.418,1.5223
0,-0.39614,-0.38051,-0.24155,-0.037524,0.22883,0.51937,0.66176,0.80288,1.0324,1.216,1.1934,1.2522,1.1468,1.0742
1,-0.84088,-0.84478,-0.68788,-0.43566,-0.20415,0.11024,0.44034,0.74459,1.0779,1.3825,1.5958,1.5676,1.5079,1.5806
0,-0.6816,-0.69221,-0.50855,-0.27047,0.016569,0.30783,0.62483,0.94174,1.2965,1.506,1.478,1.435,1.4597,1.5846
1,-0.70956,-0.71312,-0.50239,-0.27321,0.024086,0.32481,0.66847,0.90895,1.2724,1.4652,1.4294,1.4382,1.4806,1.5881
0,-0.65829,-0.56556,-0.37713,-0.11216,0.15207,0.47381,0.72961,1.0232,1.354,1.3988,1.3659,1.4028,1.4744,1.542
1,-0.60905,-0.55251,-0.36997,-0.10605,0.18443,0.42211,0.63904,0.87742,1.1318,1.2915,1.368,1.4704,1.425,1.3201
0,-0.77564,-0.80161,-0.59277,-0.30929,0.025697,0.3342,0.65976,0.96346,1.2405,1.5185,1.4158,1.3689,1.4254,1.5695
1,-0.84294,-0.79358,-0.59919,-0.30754,-0.040142,0.27427,0.56414,0.86393,1.1447,1.4425,1.4955,1.4344,1.4702,1.5882
1,-0.75068,-0.67975,-0.4635,-0.23109,0.060503,0.33279,0.67149,0.89399,1.0857,1.3276,1.3542,1.4829,1.456,1.4142
0,-0.60209,-0.5527,-0.40058,-0.13877,0.16931,0.43325,0.71725,0.9567,1.1208,1.361,1.3331,1.344,1.3506,1.3681
0,-0.64048,-0.57362,-0.39865,-0.14476,0.14476,0.43349,0.68499,0.9674,1.1744,1.4008,1.5039,1.4724,1.4507,1.5176
1,-0.63789,-0.57166,-0.44044,-0.21331,0.044131,0.31324,0.64295,0.91126,1.192,1.3682,1.4785,1.5334,1.4977,1.4997
1,-0.58853,-0.51646,-0.37141,-0.12227,0.14438,0.37163,0.57681,0.84514,1.1982,1.3615,1.3607,1.3611,1.3999,1.4691
1,-0.77673,-0.67862,-0.57379,-0.30472,0.0064751,0.32939,0.53486,0.87508,1.0791,1.3353,1.4893,1.4556,1.4984,1.5546
0,-0.78116,-0.71122,-0.47916,-0.22099,0.073744,0.35159,0.67299,0.93457,1.1876,1.4206,1.4843,1.3993,1.4726,1.5336
1,-0.66238,-0.60311,-0.41893,-0.18356,0.17205,0.37891,0.64118,0.97292,1.2192,1.2857,1.3463,1.4126,1.4575,1.4441
1,-0.78753,-0.72126,-0.52369,-0.25134,0.058178,0.39609,0.60288,0.8929,1.2313,1.3931,1.4013,1.446,1.4986,1.578
1,-0.53812,-0.5288,-0.42223,-0.18096,0.050532,0.37042,0.59654,0.94707,1.1993,1.3604,1.3944,1.4583,1.4282,1.4351
1,-0.75487,-0.68288,-0.48482,-0.23504,0.061418,0.35394,0.67382,1.0248,1.3241,1.4568,1.3918,1.3835,1.4008,1.4222
1,-0.70554,-0.71178,-0.63933,-0.35964,-0.053122,0.27903,0.59593,0.83071,1.0561,1.3457,1.4861,1.3816,1.3578,1.4245
0,-0.76716,-0.66456,-0.49408,-0.19551,0.13887,0.4452,0.71784,0.93006,1.224,1.4968,1.4648,1.4157,1.4909,1.6228
0,-0.77121,-0.69759,-0.47234,-0.19957,0.10889,0.39235,0.67764,0.98782,1.2278,1.4682,1.4968,1.446,1.4639,1.5356
1,-0.59326,-0.58911,-0.41471,-0.17616,0.1067,0.44751,0.77355,1.0151,1.212,1.3889,1.4136,1.4305,1.4463,1.4178
1,-0.71289,-0.65698,-0.47307,-0.21079,0.063249,0.35995,0.6583,0.96197,1.3114,1.5372,1.5676,1.5036,1.5116,1.5571
0,-0.90071,-0.80538,-0.6638,-0.3625,-0.015786,0.27465,0.64151,0.96045,1.3119,1.35,1.3358,1.3729,1.4893,1.5713
1,-0.8201,-0.76963,-0.56318,-0.27592,0.026764,0.3464,0.54149,0.90687,1.2496,1.5165,1.489,1.4663,1.515,1.6265
1,-0.52663,-0.49787,-0.37585,-0.14507,0.1722,0.31304,0.54804,0.84905,1.056,1.2206,1.2466,1.2588,1.3324,1.3215
1,-0.78297,-0.79156,-0.59438,-0.355,-0.029643,0.31724,0.54637,0.91193,1.3021,1.4774,1.4674,1.421,1.4889,1.5943
0,-0.68974,-0.70793,-0.52429,-0.26444,0.014875,0.31865,0.64851,0.96325,1.2376,1.5017,1.4889,1.4391,1.4051,1.4926
1,-0.49657,-0.56218,-0.40677,-0.16048,0.11378,0.34973,0.67316,0.99429,1.1831,1.2844,1.3587,1.3697,1.4227,1.3818
1,-0.6606,-0.63971,-0.49741,-0.25189,0.049939,0.3516,0.60836,0.84685,1.1282,1.3832,1.4451,1.4996,1.5208,1.4162
0,-0.67899,-0.57386,-0.38705,-0.12105,0.1861,0.46987,0.73688,0.95532,1.2243,1.4512,1.404,1.3484,1.3938,1.4993
0,-0.64911,-0.67403,-0.46463,-0.23309,0.074296,0.41151,0.73038,0.96653,1.2131,1.4625,1.4509,1.3926,1.4578,1.5427
0,-0.84655,-0.77023,-0.56118,-0.29425,-0.0032872,0.31869,0.62519,0.9248,1.1225,1.4002,1.5374,1.4503,1.4296,1.501
1,-0.68813,-0.70017,-0.50206,-0.24108,0.074164,0.29093,0.56608,0.79579,1.1303,1.3067,1.3692,1.3897,1.4176,1.4789
0,-0.62301,-0.55953,-0.47791,-0.21597,0.084348,0.41577,0.64979,0.97001,1.1788,1.2872,1.3154,1.344,1.3891,1.2817
0,-0.5872,-0.62629,-0.47005,-0.24334,0.00062593,0.27781,0.56232,0.81736,1.061,1.3102,1.5213,1.442,1.3909,1.451
1,-0.5175,-0.43509,-0.27053,-0.054403,0.23388,0.48715,0.68141,0.89473,1.205,1.3121,1.3612,1.3356,1.3814,1.29
1,-0.6001,-0.55936,-0.4176,-0.18379,0.033935,0.32269,0.52692,0.7569,1.0059,1.2141,1.2802,1.2863,1.3609,1.2919
0,-0.74459,-0.66245,-0.4694,-0.30133,0.00091901,0.28903,0.62412,0.96892,1.2481,1.5124,1.4585,1.4362,1.4779,1.6006
1,-0.72181,-0.64862,-0.46754,-0.21832,0.070035,0.37325,0.65531,0.91864,1.2653,1.4585,1.4546,1.4853,1.5152,1.5441
0,-0.64491,-0.59255,-0.39326,-0.12697,0.16471,0.45954,0.69896,0.90011,1.1924,1.3727,1.3656,1.2756,1.3136,1.4341
0,-0.75104,-0.66444,-0.45151,-0.18449,0.11261,0.36912,0.68952,0.99059,1.2666,1.4459,1.4517,1.4121,1.4632,1.5448
1,-0.73821,-0.63848,-0.5312,-0.28038,-0.027981,0.27813,0.51382,0.79572,1.0988,1.2751,1.3296,1.3174,1.3818,1.4556
1,-0.71675,-0.65605,-0.5086,-0.30177,-0.018828,0.29687,0.63336,0.98287,1.161,1.4311,1.4503,1.393,1.4141,1.5023
0,-0.77968,-0.69851,-0.47969,-0.20548,0.076335,0.36524,0.61951,0.95326,1.1904,1.1961,1.2107,1.2088,1.279,1.2361
1,-0.80153,-0.71764,-0.5396,-0.27315,0.019233,0.334,0.61873,0.88085,1.1985,1.4036,1.393,1.4178,1.4157,1.4882
1,-0.79194,-0.70907,-0.51204,-0.25315,-0.005523,0.30375,0.6164,0.83403,1.1752,1.4782,1.4792,1.4315,1.4907,1.5195
0,-0.65807,-0.58846,-0.40559,-0.13427,0.14146,0.44684,0.76638,1.095,1.3341,1.4346,1.3751,1.3584,1.4288,1.5483
0,-0.58783,-0.55071,-0.3682,-0.13289,0.15281,0.43956,0.72105,0.97552,1.1963,1.415,1.3757,1.3494,1.4096,1.5206
0,-0.61715,-0.56256,-0.42461,-0.17666,0.10106,0.36842,0.68828,1.0239,1.2813,1.5076,1.4416,1.346,1.3821,1.4764
0,-0.72495,-0.63531,-0.42587,-0.13041,0.16467,0.49331,0.7999,1.1417,1.4414,1.4023,1.3203,1.303,1.3922,1.5661
1,-0.91921,-0.85851,-0.62124,-0.36283,-0.013281,0.32133,0.64113,0.93442,1.2432,1.3905,1.3195,1.2769,1.3377,1.471
0,-0.74891,-0.69177,-0.56773,-0.35911,-0.078616,0.2465,0.53549,0.86318,1.0853,1.3693,1.51,1.4565,1.494,1.6128
0,-0.48969,-0.47846,-0.37663,-0.12281,0.15791,0.4193,0.6548,1.0016,1.173,1.2675,1.3432,1.4082,1.3533,1.2382
1,-0.56384,-0.61267,-0.48461,-0.20469,0.023296,0.32667,0.57753,0.83716,1.1579,1.2252,1.2874,1.3259,1.3349,1.3521
0,-0.72758,-0.64986,-0.49362,-0.2342,0.060233,0.33893,0.64584,0.94277,1.2675,1.3867,1.2917,1.2448,1.212,1.3659
1,-0.86055,-0.81152,-0.65208,-0.37032,-0.065965,0.27328,0.65511,0.98608,1.2903,1.5066,1.4566,1.3722,1.4104,1.5343
1,-0.84896,-0.74351,-0.55258,-0.29232,0.010216,0.34801,0.67041,0.94517,1.2242,1.3657,1.3264,1.3075,1.3382,1.4655
0,-0.59462,-0.61522,-0.42943,-0.18543,0.081804,0.37387,0.65664,0.91573,1.097,1.3516,1.5071,1.5361,1.4448,1.4507
1,-0.72583,-0.61596,-0.43687,-0.16487,0.077756,0.36818,0.65228,0.8773,1.1337,1.3814,1.521,1.4814,1.4233,1.4337
0,-0.65402,-0.6598,-0.47461,-0.19933,0.11617,0.4362,0.75642,1.111,1.4109,1.4906,1.4211,1.4158,1.5513,1.6268
0,-0.63722,-0.5537,-0.41846,-0.15865,0.13215,0.41248,0.6668,0.9211,1.1383,1.3551,1.4459,1.4565,1.4582,1.4917
0,-0.66193,-0.56906,-0.4763,-0.23106,0.056735,0.35946,0.63224,0.92857,1.1889,1.3949,1.4581,1.4023,1.4158,1.4678
0,-0.61867,-0.56289,-0.42405,-0.19711,0.1136,0.39196,0.70812,0.97099,1.2336,1.3849,1.4031,1.3779,1.4159,1.4486
0,-0.65091,-0.62036,-0.40842,-0.17375,0.12775,0.41838,0.71105,1.0049,1.2345,1.4691,1.4564,1.4595,1.5292,1.6444
0,-0.5952,-0.54755,-0.37576,-0.11552,0.14151,0.4363,0.71664,0.97322,1.27,1.3801,1.3437,1.3746,1.4365,1.5517
0,-0.85472,-0.76593,-0.61949,-0.36948,-0.068829,0.25703,0.55329,0.79995,1.0714,1.3759,1.5483,1.5011,1.495,1.5793
0,-0.83793,-0.75786,-0.53493,-0.23247,0.07696,0.35287,0.63946,0.89541,1.2448,1.4002,1.4458,1.4037,1.4356,1.5519
0,-0.71534,-0.72401,-0.48569,-0.21694,0.12062,0.38362,0.6726,0.99439,1.2262,1.495,1.5835,1.4718,1.4588,1.5494
1,-0.74671,-0.78479,-0.61417,-0.3427,-0.0065231,0.32985,0.58658,0.90847,1.1854,1.3667,1.3822,1.3738,1.439,1.5406
1,-0.82953,-0.84375,-0.70303,-0.39223,-0.060177,0.26573,0.58138,0.92919,1.1581,1.4604,1.5582,1.489,1.4609,1.5305
1,-0.80724,-0.7497,-0.5832,-0.32167,-0.0055994,0.32129,0.65252,0.95924,1.1992,1.4852,1.4798,1.423,1.4619,1.5991
0,-0.61754,-0.55193,-0.36219,-0.1465,0.10607,0.37747,0.66611,0.95622,1.2638,1.4272,1.3874,1.3572,1.4189,1.5313
0,-0.81225,-0.77361,-0.49184,-0.26807,0.067837,0.38577,0.69373,0.92358,1.0922,1.0826,1.1745,1.3374,1.2512,1.0056
0,-0.666,-0.62659,-0.48098,-0.25095,0.044152,0.30162,0.61306,0.92009,1.1193,1.4258,1.5256,1.4806,1.5515,1.5916
0,-0.67893,-0.61657,-0.40948,-0.19004,0.093283,0.40929,0.64819,0.99434,1.2873,1.4482,1.474,1.4701,1.4759,1.5265
1,-0.8809,-0.83258,-0.63376,-0.34734,-0.0080339,0.31791,0.58548,0.88498,1.1235,1.4149,1.5241,1.4245,1.3729,1.4745
0,-0.84218,-0.78057,-0.59381,-0.27287,0.038906,0.38538,0.72737,0.95378,1.2589,1.3753,1.3453,1.3891,1.5162,1.5624
1,-0.81292,-0.73382,-0.64572,-0.36291,-0.063478,0.27462,0.60123,0.80629,1.0648,1.3617,1.5078,1.3788,1.3631,1.4688
1,-0.67664,-0.61906,-0.54307,-0.30178,0.01947,0.314,0.51729,0.72848,1.0592,1.3773,1.428,1.4072,1.4242,1.4522
1,-0.77509,-0.78978,-0.65171,-0.39004,-0.070658,0.2184,0.53163,0.81267,1.0622,1.3775,1.424,1.4412,1.4608,1.5162
0,-0.6566,-0.56527,-0.46007,-0.19324,0.096891,0.3839,0.67473,0.93705,1.1495,1.4306,1.4772,1.4508,1.4388,1.5126
1,-0.75134,-0.75624,-0.5644,-0.29955,0.008571,0.3328,0.64293,0.97513,1.1712,1.4494,1.5238,1.3992,1.3675,1.4487
1,-0.69265,-0.60614,-0.52261,-0.2635,0.041515,0.31476,0.53653,0.83565,1.1737,1.327,1.3924,1.435,1.5455,1.5075
0,-0.69961,-0.63688,-0.46994,-0.18054,0.10784,0.39455,0.66087,0.95934,1.1775,1.4428,1.494,1.4243,1.4403,1.5379
1,-0.9489,-0.94208,-0.75339,-0.46004,-0.14994,0.18802,0.52442,0.81406,1.0878,1.376,1.4418,1.3959,1.4662,1.5881
1,-0.74958,-0.76186,-0.57114,-0.30243,-0.023572,0.30089,0.62037,0.93303,1.1711,1.4066,1.4269,1.4538,1.5106,1.6232
1,-0.85165,-0.80967,-0.59441,-0.29361,0.029794,0.32753,0.64423,0.98332,1.2374,1.3696,1.3888,1.3906,1.4339,1.5375
0,-0.5846,-0.56162,-0.41333,-0.15028,0.15062,0.41474,0.70136,0.94311,1.1553,1.3993,1.4204,1.3845,1.3772,1.4822
1,-0.65673,-0.5953,-0.42184,-0.17304,0.10592,0.40939,0.65126,0.89926,1.1756,1.3392,1.4411,1.4549,1.4724,1.3927
1,-0.72388,-0.744,-0.55189,-0.29309,0.0075021,0.33261,0.6668,0.91503,1.1984,1.3773,1.3999,1.3766,1.4225,1.5242
0,-0.78023,-0.68797,-0.52107,-0.34416,-0.027271,0.2798,0.61181,0.89313,1.1874,1.4312,1.4267,1.3863,1.4382,1.5256
1,-0.48663,-0.49598,-0.31706,-0.075884,0.19297,0.53041,0.8504,1.0623,1.2302,1.3476,1.342,1.373,1.3433,1.2958
1,-0.60276,-0.57783,-0.38101,-0.18914,0.12885,0.3849,0.55554,0.82896,1.1217,1.3281,1.4532,1.4818,1.4697,1.4892
1,-0.50109,-0.4433,-0.37633,-0.15396,0.049359,0.37244,0.57247,0.79576,0.99097,1.1931,1.3159,1.4187,1.4256,1.3607
1,-0.40334,-0.52299,-0.36966,-0.16239,0.1015,0.40596,0.5363,0.72986,1.0555,1.144,1.2458,1.2835,1.1921,1.1361
1,-0.75671,-0.74392,-0.57442,-0.29077,0.017441,0.32752,0.62954,0.91765,1.185,1.399,1.3827,1.3027,1.3578,1.4504
1,-0.61283,-0.55068,-0.47277,-0.2191,-0.064552,0.17114,0.43931,0.65554,0.9588,1.168,1.2925,1.3911,1.4335,1.3835
0,-0.48775,-0.42865,-0.24313,-0.0099433,0.26048,0.55307,0.78579,1.0497,1.2686,1.2939,1.297,1.3004,1.3461,1.3249
1,-0.63646,-0.61394,-0.44132,-0.16585,0.092563,0.38724,0.66611,0.94348,1.1325,1.2023,1.2932,1.2907,1.2833,1.222
0,-0.7917,-0.7081,-0.48998,-0.19511,0.10034,0.41762,0.73327,1.032,1.3165,1.5002,1.4315,1.3941,1.4621,1.5406
1,-0.66738,-0.58622,-0.39794,-0.11326,0.12202,0.40446,0.68223,1.0118,1.198,1.3127,1.3518,1.3868,1.3342,1.2191
1,-0.51864,-0.45908,-0.27332,-0.033379,0.14881,0.4463,0.6903,0.86485,1.094,1.2029,1.2823,1.2725,1.2566,1.1817
1,-0.50728,-0.4066,-0.34835,-0.11713,0.1644,0.40976,0.58268,0.88764,1.0851,1.1826,1.3077,1.247,1.1923,1.1244
1,-0.69584,-0.6182,-0.41219,-0.12647,0.15707,0.38051,0.67124,0.97494,1.2027,1.2739,1.2368,1.3011,1.359,1.3907
0,-0.68064,-0.64439,-0.43188,-0.26319,-0.0057927,0.30045,0.50662,0.73342,1.1027,1.3441,1.4161,1.467,1.4813,1.5009
1,-0.63053,-0.56702,-0.36362,-0.18478,0.11505,0.36399,0.65309,0.9582,1.1768,1.3245,1.3921,1.4081,1.4316,1.3178
1,-0.50703,-0.42448,-0.33649,-0.15296,0.10648,0.42796,0.63021,0.88678,1.1085,1.2106,1.2377,1.3017,1.3264,1.2592
1,-0.52173,-0.4491,-0.29363,-0.10693,0.13772,0.32092,0.56276,0.80648,1.1231,1.2584,1.3042,1.3412,1.3669,1.311
1,-0.63235,-0.54702,-0.39503,-0.13307,0.1798,0.45052,0.69423,0.91011,1.1371,1.2996,1.3399,1.3836,1.3626,1.3324
0,-0.61434,-0.53599,-0.36313,-0.098056,0.17149,0.45137,0.74899,0.99334,1.3187,1.4789,1.4054,1.362,1.3786,1.4816
1,-0.76358,-0.80107,-0.61049,-0.35172,-0.071665,0.25663,0.5044,0.82121,1.0854,1.4078,1.537,1.4668,1.4424,1.4573
1,-0.90618,-0.84182,-0.74138,-0.43839,-0.1262,0.20483,0.53607,0.8691,1.1568,1.4318,1.4203,1.3766,1.4112,1.457
0,-0.76326,-0.67157,-0.51322,-0.20577,0.11198,0.43592,0.7405,0.98105,1.3,1.4271,1.3506,1.3624,1.4875,1.5119
0,-0.80286,-0.71386,-0.56131,-0.28071,0.016295,0.32245,0.64381,0.9644,1.2298,1.5051,1.4341,1.4372,1.5253,1.5921
1,-0.61076,-0.58889,-0.45349,-0.26797,0.027201,0.35732,0.54828,0.763,0.94646,1.1082,1.2794,1.3444,1.3634,1.3858
0,-0.76107,-0.66368,-0.46445,-0.19131,0.076483,0.38878,0.6252,0.91928,1.2021,1.3629,1.4366,1.4781,1.4938,1.3865
1,-0.68712,-0.63107,-0.41111,-0.17092,0.11943,0.33442,0.71037,0.96452,1.1352,1.2763,1.2623,1.2964,1.3382,1.2842
1,-0.55999,-0.55775,-0.41511,-0.17557,0.087939,0.34076,0.67488,0.93202,1.2182,1.4051,1.3697,1.347,1.3703,1.3706
1,-0.678,-0.69718,-0.50225,-0.29394,-0.0033187,0.29239,0.56071,0.77266,1,1.2806,1.3347,1.3716,1.4044,1.4419
0,-0.70926,-0.66473,-0.45397,-0.18159,0.11711,0.36687,0.71434,1.0538,1.2689,1.289,1.3417,1.3692,1.4152,1.4911
0,-0.62067,-0.56439,-0.3836,-0.1239,0.14732,0.45458,0.75767,1.0066,1.3389,1.4895,1.4605,1.3741,1.4152,1.4428
1,-0.90038,-0.85599,-0.7227,-0.39435,-0.14572,0.21445,0.57222,0.90358,1.1656,1.4329,1.3872,1.3922,1.4379,1.5856
0,-0.68533,-0.65889,-0.51931,-0.24407,0.042383,0.35007,0.59799,0.91084,1.2226,1.4347,1.394,1.3531,1.3733,1.4777
1,-0.79864,-0.72714,-0.50271,-0.22309,0.068581,0.39348,0.73777,1.0229,1.2691,1.2998,1.3353,1.3721,1.4176,1.3745
1,-0.6276,-0.52267,-0.32302,-0.103,0.19307,0.40292,0.66414,0.93193,1.1478,1.2833,1.3059,1.326,1.4244,1.4005
1,-0.51526,-0.4568,-0.39244,-0.22145,0.056084,0.31127,0.50758,0.76244,1.012,1.1525,1.2032,1.2412,1.2758,1.1767
1,-0.59487,-0.57429,-0.37209,-0.16279,0.14386,0.40709,0.67544,0.9274,1.0984,1.2344,1.3152,1.3469,1.297,1.2345
0,-0.49089,-0.44997,-0.3921,-0.17078,0.097191,0.35444,0.55914,0.81254,1.0364,1.1977,1.2858,1.2889,1.3309,1.3713
0,-0.28788,-0.23328,-0.10067,0.11848,0.37353,0.55917,0.68838,0.86979,1.0687,1.2014,1.2151,1.1892,1.2315,1.2395
0,-0.57933,-0.51309,-0.33324,-0.1029,0.13096,0.46198,0.70058,0.94342,1.2117,1.4399,1.4555,1.4686,1.4934,1.4478
1,-0.66172,-0.58773,-0.54742,-0.30081,-0.012855,0.31054,0.50713,0.82438,1.1887,1.3885,1.4089,1.4062,1.4098,1.4825
0,-0.74368,-0.65034,-0.45981,-0.16706,0.15058,0.48583,0.7303,1.0303,1.3417,1.307,1.2593,1.3195,1.4418,1.5152
1,-0.84441,-0.7612,-0.52799,-0.24516,0.057587,0.37624,0.71745,1.0716,1.3272,1.4829,1.3819,1.3504,1.4126,1.5106
1,-0.59476,-0.54224,-0.39697,-0.15905,0.10762,0.40398,0.65585,0.89742,1.0821,1.2526,1.3394,1.3327,1.3672,1.3202
0,-0.57439,-0.53017,-0.3757,-0.25015,0.044129,0.30809,0.64383,0.86334,1.1356,1.3379,1.4066,1.4375,1.4683,1.4649
1,-0.56541,-0.48938,-0.3172,-0.081698,0.21857,0.47124,0.69505,1.0144,1.1751,1.2236,1.2954,1.2901,1.248,1.1486
1,-0.64595,-0.57861,-0.39851,-0.13141,0.12376,0.42803,0.73743,0.99906,1.2733,1.4386,1.4517,1.4993,1.4758,1.5199
1,-0.70244,-0.65958,-0.53081,-0.25963,0.0088218,0.29458,0.61534,0.97638,1.1531,1.2611,1.3252,1.353,1.2818,1.2058
1,-0.52936,-0.53374,-0.48448,-0.22144,-0.057105,0.25745,0.51128,0.77811,1.103,1.3003,1.3445,1.4117,1.4002,1.4301
1,-0.44957,-0.48313,-0.33879,-0.096,0.14503,0.33224,0.57676,0.83946,1.0774,1.2231,1.3018,1.2906,1.3095,1.2384
1,-0.54442,-0.54729,-0.42502,-0.24137,0.045946,0.30882,0.46798,0.73342,1.0161,1.2189,1.3061,1.3393,1.3352,1.3362
1,-0.67727,-0.61381,-0.44231,-0.18405,0.096167,0.40853,0.67013,0.97346,1.2072,1.3453,1.4551,1.4835,1.4807,1.4728
0,-0.6068,-0.51877,-0.47738,-0.26279,-0.012409,0.28154,0.60119,0.84617,1.1939,1.344,1.3376,1.3654,1.4267,1.4899
1,-0.64485,-0.5714,-0.37847,-0.11293,0.14978,0.50707,0.76974,1.1229,1.2908,1.3661,1.368,1.3763,1.4538,1.4899
1,-0.62975,-0.60487,-0.51112,-0.26134,0.031997,0.24839,0.54405,0.80938,1.1312,1.2899,1.3851,1.4297,1.4428,1.4616
0,-0.68063,-0.61133,-0.43902,-0.20142,0.10558,0.40951,0.72522,1.0642,1.3943,1.4697,1.4553,1.4091,1.4943,1.5499
1,-0.72028,-0.66877,-0.47511,-0.21001,0.064351,0.39134,0.63129,0.98085,1.2476,1.5254,1.5248,1.4406,1.4051,1.4198
0,-0.67573,-0.67599,-0.50015,-0.20772,0.13058,0.45264,0.75454,1.0221,1.3463,1.5366,1.4018,1.2908,1.3135,1.4131
1,-0.82161,-0.78205,-0.59515,-0.37932,-0.064649,0.26845,0.60323,0.96932,1.2476,1.467,1.3814,1.3505,1.3804,1.468
1,-0.9104,-0.82009,-0.59312,-0.29447,0.039259,0.35124,0.66499,0.95803,1.1335,1.4216,1.417,1.4492,1.5169,1.6386
0,-0.71359,-0.68001,-0.48951,-0.23975,0.045237,0.35003,0.63668,0.96147,1.2303,1.4443,1.5173,1.4729,1.4461,1.5296
0,-0.62207,-0.54996,-0.37362,-0.12668,0.021256,0.29392,0.59037,0.83982,1.0637,1.3292,1.3954,1.4194,1.3871,1.4462
0,-0.59337,-0.52621,-0.36391,-0.13651,0.13143,0.41759,0.58853,0.87784,1.0899,1.2728,1.3443,1.3237,1.3442,1.3584
0,-0.54081,-0.52261,-0.35655,-0.11713,0.16034,0.42329,0.64937,0.90172,1.2375,1.3702,1.4101,1.416,1.4586,1.4671
0,-0.62874,-0.54544,-0.41298,-0.16414,0.09577,0.35049,0.65196,0.93531,1.1581,1.4312,1.4367,1.4303,1.4013,1.4421
1,-0.75983,-0.76615,-0.56988,-0.26465,0.004939,0.32471,0.57634,0.9199,1.2303,1.3645,1.3551,1.4147,1.4929,1.4477
1,-0.8251,-0.80186,-0.62913,-0.35665,-0.039847,0.2604,0.56497,0.90884,1.1514,1.4071,1.5439,1.4418,1.4618,1.4959
0,-0.70726,-0.65295,-0.43524,-0.17696,0.097877,0.4005,0.72605,0.98396,1.2432,1.3007,1.2629,1.2948,1.3653,1.483
1,-0.75192,-0.74863,-0.53473,-0.37019,-0.1331,0.21739,0.46804,0.75295,1.065,1.3425,1.5103,1.5124,1.52,1.5588
1,-0.66948,-0.74413,-0.55567,-0.35333,-0.0639,0.19337,0.48045,0.71707,0.88767,1.2694,1.3914,1.3525,1.3981,1.4134
1,-0.70749,-0.61794,-0.51742,-0.26606,0.020653,0.32401,0.63229,0.88122,1.1586,1.3753,1.4374,1.4542,1.4746,1.4693
0,-0.69118,-0.6941,-0.47654,-0.21457,0.056432,0.34432,0.62699,0.9658,1.2489,1.2877,1.2399,1.2896,1.3491,1.4169
0,-0.59397,-0.57926,-0.40557,-0.12881,0.1475,0.47335,0.63169,0.86226,1.0594,1.2783,1.3577,1.3839,1.4163,1.4257
1,-0.83468,-0.80272,-0.56459,-0.30423,0.025069,0.28702,0.61825,0.92165,1.1972,1.4071,1.3792,1.3688,1.4851,1.6145
0,-0.78452,-0.69304,-0.46394,-0.29342,-0.021894,0.2688,0.59426,0.90289,1.1279,1.336,1.4721,1.4359,1.4636,1.5286
0,-0.61437,-0.56841,-0.41201,-0.16488,0.099823,0.39286,0.70265,1.0449,1.3431,1.4149,1.398,1.364,1.417,1.5202
1,-0.53154,-0.48704,-0.34296,-0.09415,0.16488,0.34734,0.57282,0.89793,1.1958,1.3,1.3184,1.3354,1.3081,1.3575
0,-0.54828,-0.47958,-0.30298,-0.1509,0.070475,0.36121,0.58686,0.80723,1.1082,1.3257,1.3058,1.299,1.3566,1.4237
1,-0.77475,-0.77295,-0.57913,-0.34964,-0.14665,0.15434,0.47689,0.76033,1.1075,1.3742,1.4008,1.4184,1.4107,1.4726
1,-0.85034,-0.74929,-0.61018,-0.32013,-0.0076185,0.33345,0.67588,0.91533,1.1874,1.4711,1.4871,1.4327,1.5014,1.62
1,-0.70626,-0.65504,-0.4613,-0.20249,0.10603,0.33928,0.64573,0.97172,1.3203,1.3267,1.3375,1.3206,1.4062,1.5084
0,-0.66129,-0.69995,-0.48979,-0.3245,-0.053816,0.22424,0.45026,0.77662,1.1088,1.3679,1.482,1.5064,1.5334,1.5389
0,-0.58449,-0.58473,-0.40853,-0.14047,0.088043,0.40405,0.64058,0.91987,1.1826,1.41,1.4492,1.4521,1.4625,1.5199
0,-0.68728,-0.61322,-0.40209,-0.14355,0.17293,0.46859,0.75942,0.96834,1.2428,1.3045,1.2851,1.288,1.3596,1.3604
1,-0.75582,-0.6696,-0.48834,-0.21799,0.098571,0.33141,0.58164,0.92142,1.232,1.413,1.4314,1.4555,1.5169,1.4914
1,-0.81796,-0.71365,-0.58391,-0.2817,0.0071055,0.25945,0.55853,0.90853,1.1972,1.415,1.3212,1.3307,1.417,1.5467
1,-0.89694,-0.80694,-0.62837,-0.34267,-0.052463,0.26886,0.59704,0.87272,1.1382,1.4296,1.4259,1.3962,1.4645,1.5438
1,-0.54433,-0.47431,-0.28604,-0.048663,0.24205,0.51564,0.71659,0.95029,1.1407,1.2214,1.328,1.3527,1.3046,1.1663
1,-0.71924,-0.71879,-0.51271,-0.23026,0.043931,0.38679,0.62068,0.89864,1.1445,1.3603,1.4394,1.4795,1.4895,1.4523
0,-0.76481,-0.68207,-0.51474,-0.22907,0.017611,0.3507,0.69918,0.93697,1.2592,1.4333,1.4408,1.4186,1.4722,1.526
1,-0.65061,-0.63801,-0.46454,-0.20621,0.10288,0.41035,0.50739,0.84255,1.2028,1.3494,1.389,1.3794,1.4498,1.5515
0,-0.68348,-0.6626,-0.52173,-0.29962,-0.0056684,0.28829,0.59783,0.89795,1.0948,1.3892,1.3558,1.3114,1.3565,1.4979
1,-0.79388,-0.73474,-0.56894,-0.30587,-0.01026,0.29584,0.59038,0.92849,1.1795,1.4601,1.4936,1.3754,1.3967,1.4594
1,-0.66694,-0.60999,-0.43449,-0.17959,0.092352,0.34946,0.63173,0.97365,1.2425,1.3922,1.4171,1.3674,1.3652,1.4629
1,-0.80763,-0.69688,-0.49249,-0.22321,0.089879,0.31252,0.68331,0.93671,1.2093,1.3752,1.3987,1.427,1.4319,1.475
0,-0.8754,-0.76283,-0.5296,-0.26163,0.080653,0.43984,0.80877,1.0872,1.1608,1.1011,1.1311,1.2856,1.3283,1.2329
1,-0.72526,-0.6732,-0.47726,-0.2328,0.031789,0.33882,0.67152,0.90964,1.1522,1.3971,1.4395,1.3877,1.3915,1.4097
1,-0.58648,-0.61133,-0.427,-0.15067,0.13095,0.35482,0.51858,0.75943,1.0913,1.2455,1.2746,1.2915,1.2796,1.3078
1,-0.66432,-0.67821,-0.48519,-0.26699,-0.028302,0.2,0.48173,0.68157,0.95844,1.203,1.3376,1.3808,1.4256,1.4413
1,-0.5542,-0.48828,-0.37222,-0.12499,0.16997,0.40638,0.6353,0.91142,1.1485,1.251,1.33,1.303,1.35,1.299
0,-0.6218,-0.53243,-0.32593,-0.062466,0.18808,0.51002,0.72746,0.94675,1.1789,1.3433,1.4489,1.4765,1.4753,1.3896
0,-0.86428,-0.7671,-0.54633,-0.24546,0.081391,0.34774,0.67105,1.0072,1.3816,1.4293,1.4672,1.4546,1.4883,1.5765
0,-0.72199,-0.67096,-0.54341,-0.27344,0.028136,0.33687,0.63291,0.9335,1.1876,1.4901,1.4553,1.3587,1.3869,1.479
0,-0.74843,-0.65321,-0.4167,-0.17183,0.13108,0.43824,0.74232,1.0096,1.2787,1.3374,1.3049,1.3719,1.4747,1.5158
0,-0.59329,-0.53784,-0.36604,-0.1218,0.13889,0.39957,0.57277,0.81131,1.0638,1.2856,1.3606,1.3855,1.3773,1.3764
1,-0.67699,-0.58817,-0.43906,-0.16024,0.092264,0.38452,0.59002,0.83998,1.2133,1.3464,1.4245,1.4386,1.4314,1.5034
1,-0.71118,-0.62322,-0.47361,-0.24186,0.048097,0.33537,0.63378,0.95429,1.245,1.3954,1.42,1.4364,1.4595,1.4592
0,-0.7338,-0.61897,-0.3889,-0.17846,0.10511,0.3848,0.69635,0.93224,1.1446,1.4446,1.4386,1.3845,1.4531,1.5623
0,-0.56268,-0.49929,-0.32878,-0.091027,0.20103,0.49684,0.72317,1.0475,1.2971,1.3596,1.371,1.3805,1.3923,1.3706
0,-0.63834,-0.64336,-0.46143,-0.22719,0.067029,0.38312,0.69494,0.87919,1.1646,1.339,1.4179,1.4574,1.5001,1.5194
1,-0.91364,-0.81325,-0.58565,-0.29126,0.027622,0.33315,0.6174,0.92578,1.1674,1.4024,1.5874,1.5096,1.4963,1.5904
1,-0.8044,-0.71497,-0.51499,-0.23647,0.084361,0.39218,0.71522,0.95503,1.212,1.4458,1.4179,1.339,1.3674,1.4877
0,-0.70104,-0.63469,-0.44364,-0.18083,0.14013,0.42743,0.72872,0.9674,1.2774,1.4471,1.4385,1.4148,1.4801,1.5764
0,-0.61429,-0.53422,-0.45625,-0.20925,0.082125,0.31272,0.62232,0.84036,1.1223,1.3086,1.3814,1.4433,1.4801,1.5224
1,-0.93751,-0.82316,-0.66569,-0.39434,-0.069727,0.24287,0.58186,0.86569,1.1725,1.4507,1.3759,1.3431,1.3852,1.532
1,-0.80192,-0.71556,-0.48765,-0.20057,0.084579,0.33027,0.65066,0.94585,1.2736,1.3942,1.3576,1.3681,1.4558,1.5654
0,-0.58484,-0.55469,-0.38317,-0.17163,0.12762,0.43261,0.71412,0.92321,1.1633,1.376,1.4216,1.4185,1.4715,1.5578
1,-0.52906,-0.47083,-0.35954,-0.10376,0.17392,0.45929,0.63807,0.91406,1.1674,1.3362,1.3282,1.2858,1.3237,1.1496
0,-0.6821,-0.6217,-0.42566,-0.18596,0.082528,0.37048,0.58496,0.89521,1.2364,1.5295,1.53,1.4724,1.4594,1.5285
1,-0.59569,-0.62864,-0.43361,-0.18261,0.096894,0.43963,0.66622,1.0166,1.2647,1.353,1.351,1.3094,1.3868,1.4976
0,-0.53232,-0.48209,-0.29208,-0.06293,0.19784,0.40739,0.7152,0.94163,1.1936,1.3524,1.3561,1.3493,1.4191,1.4859
1,-0.81245,-0.741,-0.52263,-0.26529,0.041951,0.36216,0.71745,0.96302,1.2958,1.3481,1.2978,1.2939,1.3056,1.357
1,-0.7174,-0.66304,-0.4677,-0.19098,0.12385,0.45605,0.81555,1.0623,1.3106,1.2858,1.3009,1.3551,1.4465,1.4915
1,-0.78154,-0.73612,-0.56959,-0.37779,-0.073121,0.27023,0.59351,0.95044,1.2558,1.4635,1.453,1.4135,1.4527,1.5819
0,-0.62589,-0.58951,-0.43277,-0.1718,0.11903,0.38398,0.57259,0.87632,1.1482,1.4178,1.4266,1.3686,1.3923,1.4332
0,-0.73562,-0.64421,-0.43959,-0.17724,0.11109,0.43734,0.71172,0.95723,1.2005,1.4434,1.4415,1.4147,1.4588,1.5807
0,-0.58484,-0.561,-0.40077,-0.15233,0.13192,0.44519,0.71189,0.94726,1.1854,1.262,1.2636,1.3358,1.3615,1.4339
0,-0.7014,-0.71005,-0.51954,-0.25791,0.024653,0.32006,0.61182,0.89428,1.1095,1.3497,1.4844,1.4636,1.4222,1.4762
1,-0.63861,-0.61478,-0.41941,-0.14216,0.1132,0.38639,0.63889,0.85841,1.0938,1.2954,1.3013,1.3748,1.4143,1.3565
0,-0.45341,-0.54629,-0.37492,-0.14782,0.063604,0.3505,0.50604,0.77478,1.0779,1.1482,1.2437,1.2424,1.2681,1.306
0,-0.51606,-0.53788,-0.43303,-0.21616,0.068337,0.35965,0.4951,0.72692,0.98511,1.2521,1.3679,1.4033,1.4098,1.5132
1,-0.70152,-0.6161,-0.42039,-0.17989,0.11053,0.42904,0.74423,1.0167,1.2218,1.3341,1.3562,1.3839,1.4219,1.352
0,-0.62146,-0.66706,-0.47591,-0.18979,0.063269,0.34353,0.64041,0.89657,1.0935,1.2275,1.2422,1.3571,1.3841,1.3179
0,-0.70831,-0.64777,-0.45193,-0.20091,0.089811,0.36761,0.70085,1.0015,1.356,1.4946,1.4839,1.3779,1.3537,1.3771
0,-0.64918,-0.57096,-0.40259,-0.17023,0.085181,0.36928,0.71136,1.0035,1.2609,1.3652,1.3157,1.3316,1.3887,1.4469
1,-0.60551,-0.52761,-0.34604,-0.067938,0.21012,0.4388,0.65705,0.93066,1.0664,1.2323,1.3181,1.3127,1.3127,1.2059
1,-0.59914,-0.54202,-0.34853,-0.095212,0.2037,0.42348,0.61567,0.87581,1.2029,1.2414,1.3111,1.3683,1.3872,1.3607
0,-0.72863,-0.65804,-0.52285,-0.22691,0.0664,0.37573,0.65958,0.9234,1.178,1.4436,1.5751,1.4902,1.4683,1.5366
1,-0.61903,-0.52107,-0.3682,-0.13397,0.16466,0.35726,0.61299,0.80644,1.1046,1.2827,1.2904,1.3019,1.3582,1.2854
1,-0.61887,-0.6517,-0.51293,-0.26934,-0.0069077,0.2923,0.52444,0.85931,1.1093,1.3214,1.481,1.4678,1.3739,1.4064
0,-0.63129,-0.66262,-0.46701,-0.20046,0.079585,0.39809,0.71305,1.0008,1.3103,1.4989,1.4677,1.4362,1.4981,1.6133
0,-0.48765,-0.46902,-0.31764,-0.095914,0.16904,0.37413,0.6445,0.87651,1.1848,1.4984,1.5053,1.4038,1.4107,1.4515
1,-0.63164,-0.5526,-0.36644,-0.078571,0.10611,0.3028,0.47856,0.78148,1.0413,1.1549,1.2083,1.2526,1.2514,1.2366
1,-0.63186,-0.55049,-0.47624,-0.25432,0.035147,0.33084,0.45513,0.68309,0.93203,1.2285,1.3149,1.4227,1.4811,1.4544
0,-0.83247,-0.82197,-0.60369,-0.31862,-0.0061177,0.33215,0.66425,0.94664,1.1955,1.4899,1.5194,1.4307,1.492,1.5854
1,-0.78078,-0.73886,-0.5391,-0.23638,0.068203,0.41096,0.76138,1.0585,1.3259,1.4838,1.4735,1.3631,1.361,1.4677
1,-0.73225,-0.69946,-0.50796,-0.23939,0.077966,0.3685,0.55902,0.87092,1.1786,1.4152,1.4341,1.4091,1.4299,1.4895
0,-0.61926,-0.527,-0.39018,-0.12461,0.1764,0.46989,0.78635,0.94649,1.2565,1.4236,1.3858,1.3971,1.4919,1.5506
0,-0.62199,-0.55882,-0.37388,-0.11674,0.1788,0.47214,0.72355,0.96744,1.2016,1.446,1.4263,1.3865,1.3911,1.5018
0,-0.75216,-0.65776,-0.47296,-0.16203,0.14476,0.43801,0.73217,0.97676,1.2351,1.5282,1.4575,1.3472,1.3951,1.479
1,-0.53373,-0.56487,-0.39843,-0.14996,0.13894,0.35371,0.6431,0.89745,1.117,1.2584,1.3331,1.3579,1.3894,1.3748
1,-0.65754,-0.59246,-0.4843,-0.23359,0.068278,0.37824,0.73207,1.0125,1.3068,1.4314,1.4281,1.4007,1.414,1.4821
1,-0.66735,-0.55681,-0.38852,-0.13824,0.13636,0.44923,0.6745,0.90456,1.1637,1.3817,1.4218,1.4498,1.4498,1.3829
1,-0.62152,-0.58097,-0.39389,-0.17091,0.095448,0.33906,0.61904,0.84827,1.14,1.2633,1.3595,1.4088,1.4136,1.3145
1,-0.92396,-0.82427,-0.57729,-0.25755,0.044999,0.39359,0.73382,1.0937,1.3684,1.4147,1.398,1.3955,1.4861,1.556
0,-0.82318,-0.79766,-0.60521,-0.33805,-0.02381,0.31178,0.65386,0.94574,1.2108,1.416,1.4119,1.4773,1.5759,1.6902
0,-0.72429,-0.64033,-0.44614,-0.20632,0.06107,0.35091,0.67307,1.0346,1.3221,1.431,1.4089,1.3971,1.4598,1.5227
0,-0.40081,-0.33831,-0.28231,-0.094135,0.16093,0.36613,0.57244,0.82778,1.0536,1.2589,1.2687,1.3155,1.3293,1.4193
1,-0.65406,-0.72087,-0.55988,-0.28874,0.0037739,0.33094,0.57083,0.86036,1.1311,1.3602,1.4084,1.4093,1.4854,1.4597
1,-0.71082,-0.71233,-0.5603,-0.30655,0.0047867,0.34171,0.69349,1.0288,1.213,1.2303,1.2052,1.2616,1.3323,1.3697
1,-0.77553,-0.71772,-0.58874,-0.33024,-0.041377,0.28065,0.61668,0.94208,1.2855,1.4886,1.4757,1.463,1.4582,1.4959
1,-0.75653,-0.70873,-0.58288,-0.32882,-0.025977,0.25599,0.57149,0.90123,1.1471,1.3938,1.4129,1.407,1.4358,1.4778
1,-0.87739,-0.84962,-0.6296,-0.33969,-0.026336,0.26748,0.62049,0.94267,1.2866,1.5166,1.4671,1.4381,1.538,1.6649
1,-0.69434,-0.68382,-0.56484,-0.32751,-0.036271,0.26646,0.54788,0.91055,1.1954,1.3919,1.4173,1.4136,1.4495,1.4632
1,-0.64946,-0.56759,-0.39323,-0.13629,0.14986,0.48584,0.6774,0.95341,1.1833,1.3863,1.4087,1.3562,1.3848,1.4551
1,-0.71043,-0.64575,-0.48673,-0.23745,0.075111,0.37632,0.62299,0.9729,1.2081,1.4157,1.3723,1.3364,1.3837,1.458
1,-0.84557,-0.79535,-0.63638,-0.377,-0.11431,0.19334,0.52842,0.85491,1.1494,1.4517,1.5322,1.4974,1.5339,1.6094
1,-0.54461,-0.4926,-0.35493,-0.13905,0.11602,0.376,0.53456,0.81451,1.1414,1.3035,1.3471,1.412,1.3964,1.416
0,-0.56524,-0.56593,-0.39114,-0.12267,0.19216,0.43635,0.62176,0.94855,1.1085,1.2051,1.2167,1.2683,1.3357,1.3138
1,-0.73984,-0.68625,-0.55215,-0.29055,0.029798,0.37768,0.66715,1.0152,1.3253,1.3085,1.3313,1.341,1.3965,1.5396
1,-0.69838,-0.71935,-0.52724,-0.26372,-0.00068288,0.28601,0.55512,0.79664,1.1315,1.3831,1.4619,1.4915,1.488,1.5166
1,-0.7801,-0.80769,-0.60495,-0.43489,-0.16174,0.17051,0.50212,0.80194,1.0647,1.3815,1.415,1.3602,1.4125,1.5049
1,-0.62163,-0.59359,-0.38653,-0.17494,0.10259,0.39528,0.59165,0.85023,1.1112,1.311,1.3717,1.3579,1.3789,1.2844
1,-0.60452,-0.53187,-0.45665,-0.21349,0.044046,0.33381,0.66032,0.84624,1.1848,1.4243,1.4103,1.4583,1.4392,1.4586
1,-0.78235,-0.74508,-0.54531,-0.30793,0.024727,0.36826,0.68789,1.0589,1.2838,1.3045,1.2609,1.295,1.3708,1.4321
1,-0.74154,-0.69253,-0.50136,-0.24637,0.032341,0.34275,0.676,0.93085,1.1391,1.3216,1.3915,1.4066,1.3847,1.4344
1,-0.74331,-0.62816,-0.47228,-0.21469,0.053997,0.35009,0.65868,0.99214,1.2195,1.4737,1.4759,1.44,1.4477,1.5195
1,-0.58386,-0.50427,-0.31552,-0.032357,0.15071,0.36622,0.60481,0.84768,1.0706,1.1734,1.258,1.2604,1.3792,1.3292
0,-0.72706,-0.66298,-0.4837,-0.20504,0.017547,0.29132,0.57485,0.84437,1.0865,1.4557,1.5351,1.4387,1.4049,1.4365
0,-0.51561,-0.44516,-0.22815,0.016101,0.26734,0.49957,0.74671,0.99121,1.1748,1.4181,1.4806,1.4204,1.4534,1.5226
0,-0.3121,-0.27502,-0.16418,0.053656,0.26032,0.52385,0.69738,0.86936,1.1412,1.271,1.3198,1.3121,1.3384,1.3487
1,-0.39354,-0.35478,-0.21612,-0.034058,0.23171,0.4876,0.74762,0.96701,1.1802,1.3964,1.4603,1.3854,1.3784,1.46
1,-0.45083,-0.39862,-0.22338,-0.0033577,0.23456,0.49752,0.73508,0.94117,1.091,1.2832,1.436,1.4201,1.4327,1.4734
1,-0.36303,-0.37012,-0.28061,-0.06469,0.19064,0.4395,0.6912,0.9758,1.1687,1.4135,1.359,1.353,1.4168,1.4894
1,-0.46089,-0.40854,-0.22934,-0.0058535,0.23413,0.4823,0.72535,0.96044,1.1376,1.3722,1.4708,1.4811,1.477,1.4837
0,-0.35177,-0.30488,-0.16759,0.029663,0.24535,0.49198,0.73653,0.93988,1.2069,1.3221,1.3161,1.3075,1.3017,1.3527
0,-0.44807,-0.44579,-0.30251,-0.090831,0.14833,0.45298,0.74033,1.0013,1.1865,1.435,1.4466,1.3941,1.4455,1.4946
0,-0.37464,-0.31149,-0.13763,0.069325,0.28049,0.46454,0.74384,1.0244,1.2447,1.2651,1.2236,1.2218,1.3011,1.3647
1,-0.52437,-0.45181,-0.27003,-0.023621,0.23331,0.49359,0.73846,1.0015,1.1906,1.4141,1.4585,1.4426,1.4915,1.5455
1,-0.42598,-0.39891,-0.26447,-0.024554,0.24464,0.51965,0.75343,0.93231,1.173,1.344,1.3481,1.3829,1.4501,1.5224
0,-0.47501,-0.452,-0.30648,-0.068977,0.17879,0.45925,0.64287,0.92661,1.1871,1.4363,1.4393,1.424,1.4439,1.5157
0,-0.28937,-0.30985,-0.16288,0.024997,0.23933,0.48207,0.68585,0.89195,1.1668,1.3534,1.3874,1.3654,1.3711,1.4312
1,-0.41838,-0.3691,-0.27087,-0.063672,0.19351,0.44094,0.68456,0.92437,1.1125,1.3268,1.448,1.4233,1.4168,1.4606
0,-0.38371,-0.32861,-0.22942,-0.030457,0.207,0.44828,0.69923,0.89895,1.0988,1.295,1.3467,1.3271,1.3409,1.3657
