1,-0.11076,-0.11076,-0.11076,-0.11076,-0.11076,-0.11076,-0.11076,-0.11076,-0.11076,-0.11076,-0.11076,-0.11076,-0.11076,-0.11076
1,-0.12232,-0.12232,-0.12232,-0.12232,-0.12232,-0.12232,-0.12232,-0.12232,-0.12232,-0.12232,-0.12232,-0.12232,-0.12232,-0.12232
1,-0.11374,-0.11374,-0.11374,-0.11374,-0.11374,-0.11374,-0.11374,-0.11374,-0.11374,-0.11374,-0.11374,-0.11374,-0.11374,-0.11374
1,-0.10298,-0.10298,-0.10298,-0.10298,-0.10298,-0.10298,-0.10298,-0.10298,-0.10298,-0.10298,-0.10298,-0.10298,-0.10298,-0.10298
1,-0.09283,-0.09283,-0.09283,-0.09283,-0.09283,-0.09283,-0.09283,-0.09283,-0.09283,-0.09283,-0.09283,-0.09283,-0.09283,-0.09283
1,-0.14393,-0.14393,-0.14393,-0.14393,-0.14393,-0.14393,-0.14393,-0.14393,-0.14393,-0.14393,-0.14393,-0.14393,-0.14393,-0.14393
1,-0.13554,-0.13554,-0.13554,-0.13554,-0.13554,-0.13554,-0.13554,-0.13554,-0.13554,-0.13554,-0.13554,-0.13554,-0.13554,-0.13554
1,-0.12105,-0.12105,-0.12105,-0.12105,-0.12105,-0.12105,-0.12105,-0.12105,-0.12105,-0.12105,-0.12105,-0.12105,-0.12105,-0.12105
1,-0.12191,-0.12191,-0.12191,-0.12191,-0.12191,-0.12191,-0.12191,-0.12191,-0.12191,-0.12191,-0.12191,-0.12191,-0.12191,-0.12191
1,-0.13769,-0.13769,-0.13769,-0.13769,-0.13769,-0.13769,-0.13769,-0.13769,-0.13769,-0.13769,-0.13769,-0.13769,-0.13769,-0.13769
1,-0.08551,-0.08551,-0.08551,-0.08551,-0.08551,-0.08551,-0.08551,-0.08551,-0.08551,-0.08551,-0.08551,-0.08551,-0.08551,-0.08551
1,-0.085015,-0.085015,-0.085015,-0.085015,-0.085015,-0.085015,-0.085015,-0.085015,-0.085015,-0.085015,-0.085015,-0.085015,-0.085015,-0.085015
1,-0.1188,-0.1188,-0.1188,-0.1188,-0.1188,-0.1188,-0.1188,-0.1188,-0.1188,-0.1188,-0.1188,-0.1188,-0.1188,-0.1188
1,-0.1215,-0.1215,-0.1215,-0.1215,-0.1215,-0.1215,-0.1215,-0.1215,-0.1215,-0.1215,-0.1215,-0.1215,-0.1215,-0.1215
1,-0.13128,-0.13128,-0.13128,-0.13128,-0.13128,-0.13128,-0.13128,-0.13128,-0.13128,-0.13128,-0.13128,-0.13128,-0.13128,-0.13128
1,-0.11902,-0.11902,-0.11902,-0.11902,-0.11902,-0.11902,-0.11902,-0.11902,-0.11902,-0.11902,-0.11902,-0.11902,-0.11902,-0.11902
1,-0.1258,-0.1258,-0.1258,-0.1258,-0.1258,-0.1258,-0.1258,-0.1258,-0.1258,-0.1258,-0.1258,-0.1258,-0.1258,-0.1258
1,-0.1291,-0.1291,-0.1291,-0.1291,-0.1291,-0.1291,-0.1291,-0.1291,-0.1291,-0.1291,-0.1291,-0.1291,-0.1291,-0.1291
1,-0.1693,-0.1693,-0.1693,-0.1693,-0.1693,-0.1693,-0.1693,-0.1693,-0.1693,-0.1693,-0.1693,-0.1693,-0.1693,-0.1693
1,-0.1393,-0.1393,-0.1393,-0.1393,-0.1393,-0.1393,-0.1393,-0.1393,-0.1393,-0.1393,-0.1393,-0.1393,-0.1393,-0.1393
1,-0.096413,-0.096413,-0.096413,-0.096413,-0.096413,-0.096413,-0.096413,-0.096413,-0.096413,-0.096413,-0.096413,-0.096413,-0.096413,-0.096413
1,-0.11453,-0.11453,-0.11453,-0.11453,-0.11453,-0.11453,-0.11453,-0.11453,-0.11453,-0.11453,-0.11453,-0.11453,-0.11453,-0.11453
1,-0.11413,-0.11413,-0.11413,-0.11413,-0.11413,-0.11413,-0.11413,-0.11413,-0.11413,-0.11413,-0.11413,-0.11413,-0.11413,-0.11413
1,-0.12267,-0.12267,0.057763,4.9595,0.14798,-0.12267,-0.12267,-0.12267,-0.12267,-0.12267,-0.12267,-0.12267,-0.12267,-0.12267
1,-0.12514,-0.12514,-0.12514,-0.12514,-0.12514,-0.12514,-0.12514,-0.12514,-0.12514,-0.12514,-0.12514,-0.12514,-0.12514,-0.12514
1,-0.084757,-0.084757,-0.084757,-0.084757,-0.084757,-0.084757,-0.084757,-0.084757,-0.084757,-0.084757,-0.084757,-0.084757,-0.084757,-0.084757
1,-0.05853,-0.05853,-0.05853,-0.05853,-0.05853,-0.05853,-0.05853,-0.05853,-0.05853,-0.05853,-0.05853,-0.05853,-0.05853,-0.05853
1,-0.072821,-0.072821,-0.072821,-0.072821,-0.072821,-0.072821,-0.072821,-0.072821,-0.072821,-0.072821,-0.072821,-0.072821,-0.072821,-0.072821
1,-0.066872,-0.066872,-0.066872,-0.066872,-0.066872,-0.066872,-0.066872,-0.066872,-0.066872,-0.066872,-0.066872,-0.066872,-0.066872,-0.066872
1,-0.10964,-0.10964,-0.10964,-0.10964,-0.10964,-0.10964,-0.10964,-0.10964,-0.10964,-0.10964,-0.10964,-0.10964,-0.10964,-0.10964
1,-0.1205,-0.1205,-0.1205,-0.1205,-0.1205,-0.1205,-0.1205,-0.1205,-0.1205,-0.1205,-0.1205,-0.1205,-0.1205,-0.1205
1,-0.11247,-0.11247,-0.11247,-0.11247,-0.11247,-0.11247,-0.11247,-0.11247,-0.11247,-0.11247,-0.11247,-0.11247,-0.11247,-0.11247
1,-0.1153,-0.1153,-0.1153,-0.1153,-0.1153,-0.1153,-0.1153,-0.1153,-0.1153,-0.1153,-0.1153,-0.1153,-0.1153,-0.1153
1,-0.10539,-0.10539,-0.10539,-0.10539,-0.10539,-0.10539,-0.10539,-0.10539,-0.10539,-0.10539,-0.10539,-0.10539,-0.10539,-0.10539
1,-0.10823,-0.10823,-0.10823,-0.10823,-0.10823,-0.10823,-0.10823,-0.10823,-0.10823,-0.10823,-0.10823,-0.10823,-0.10823,-0.10823
1,-0.065558,-0.065558,-0.065558,-0.065558,-0.065558,-0.065558,-0.065558,-0.065558,-0.065558,-0.065558,-0.065558,-0.065558,-0.065558,-0.065558
1,-0.081304,-0.081304,-0.081304,-0.081304,-0.081304,-0.081304,-0.081304,-0.081304,-0.081304,-0.081304,-0.081304,-0.081304,-0.081304,-0.081304
1,-0.068627,-0.068627,-0.068627,-0.068627,-0.068627,-0.068627,-0.068627,-0.068627,-0.068627,-0.068627,-0.068627,-0.068627,-0.068627,-0.068627
1,-0.088987,-0.088987,-0.088987,-0.088987,-0.088987,-0.088987,-0.088987,-0.088987,-0.088987,-0.088987,-0.088987,-0.088987,-0.088987,-0.088987
1,-0.079852,-0.079852,-0.079852,-0.079852,-0.079852,-0.079852,-0.079852,-0.079852,-0.079852,-0.079852,-0.079852,-0.079852,-0.079852,-0.079852
1,-0.15681,-0.15681,-0.15681,-0.15681,-0.15681,-0.15681,-0.15681,-0.15681,-0.15681,-0.15681,-0.15681,-0.15681,-0.15681,-0.15681
1,-0.08464,-0.08464,-0.08464,-0.08464,-0.08464,-0.08464,-0.08464,-0.08464,-0.08464,-0.08464,-0.08464,-0.08464,-0.08464,-0.08464
1,-0.10134,-0.10134,-0.10134,-0.10134,-0.10134,-0.10134,-0.10134,-0.10134,-0.10134,-0.10134,-0.10134,-0.10134,-0.10134,-0.10134
1,-0.09148,-0.09148,-0.09148,-0.09148,-0.09148,-0.09148,-0.09148,-0.09148,-0.09148,-0.09148,-0.09148,-0.09148,-0.09148,-0.09148
1,-0.15798,-0.15798,-0.15798,-0.15798,-0.15798,-0.15798,-0.15798,-0.15798,-0.15798,-0.15798,-0.15798,-0.15798,-0.15798,-0.15798
1,-0.15524,-0.15524,-0.15524,-0.15524,-0.15524,-0.15524,-0.15524,-0.15524,-0.15524,-0.15524,-0.15524,-0.15524,-0.15524,-0.15524
1,-0.12782,-0.12782,-0.12782,-0.12782,-0.12782,-0.12782,-0.12782,-0.12782,-0.12782,-0.12782,-0.12782,-0.12782,-0.12782,-0.12782
1,-0.1683,-0.1683,-0.1683,-0.1683,-0.1683,-0.1683,-0.1683,-0.1683,-0.1683,-0.1683,-0.1683,-0.1683,-0.1683,-0.1683
1,-0.16249,-0.16249,-0.16249,-0.16249,-0.16249,-0.16249,-0.16249,-0.16249,-0.16249,-0.16249,-0.16249,-0.16249,-0.16249,-0.16249
1,-0.15662,-0.15662,-0.15662,-0.15662,-0.15662,-0.15662,-0.15662,-0.15662,-0.15662,-0.15662,-0.15662,-0.15662,-0.15662,-0.15662
1,-0.10583,-0.10583,-0.10583,-0.10583,-0.10583,-0.10583,-0.10583,-0.10583,-0.10583,-0.10583,-0.10583,-0.10583,-0.10583,-0.10583
1,-0.13795,-0.13795,-0.13795,-0.13795,-0.13795,-0.13795,-0.13795,-0.13795,-0.13795,-0.13795,-0.13795,-0.13795,-0.13795,-0.13795
1,-0.13016,-0.13016,-0.13016,-0.13016,-0.13016,-0.13016,-0.13016,-0.13016,-0.13016,-0.13016,-0.13016,-0.13016,-0.13016,-0.13016
1,-0.10867,-0.10867,-0.10867,-0.10867,-0.10867,-0.10867,-0.10867,-0.10867,-0.10867,-0.10867,-0.10867,-0.10867,-0.10867,-0.10867
1,-0.11792,-0.11792,-0.11792,-0.11792,-0.11792,-0.11792,-0.11792,-0.11792,-0.11792,-0.11792,-0.11792,-0.11792,-0.11792,-0.11792
1,-0.089867,-0.089867,-0.089867,-0.089867,-0.089867,-0.089867,-0.089867,-0.089867,-0.089867,-0.089867,-0.089867,-0.089867,-0.089867,-0.089867
1,-0.087049,-0.087049,-0.087049,-0.087049,-0.087049,-0.087049,-0.087049,-0.087049,-0.087049,-0.087049,-0.087049,-0.087049,-0.087049,-0.087049
1,-0.053374,-0.053374,-0.053374,-0.053374,-0.053374,-0.053374,-0.053374,-0.053374,-0.053374,-0.053374,-0.053374,-0.053374,-0.053374,-0.053374
1,-0.11364,-0.11364,-0.11364,-0.11364,-0.11364,-0.11364,-0.11364,-0.11364,-0.11364,-0.11364,-0.11364,-0.11364,-0.11364,-0.11364
1,-0.083459,-0.083459,-0.083459,-0.083459,-0.083459,-0.083459,-0.083459,-0.083459,-0.083459,-0.083459,-0.083459,-0.083459,-0.083459,-0.083459
1,-0.12846,-0.12846,-0.12846,-0.12846,-0.12846,-0.12846,-0.12846,-0.12846,-0.12846,-0.12846,-0.12846,-0.12846,-0.12846,-0.12846
1,-0.14287,-0.14287,-0.14287,-0.14287,-0.14287,-0.14287,-0.14287,-0.14287,-0.14287,-0.14287,-0.14287,-0.14287,-0.14287,-0.14287
1,-0.1278,-0.1278,-0.1278,-0.1278,-0.1278,-0.1278,-0.1278,-0.1278,-0.1278,-0.1278,-0.1278,-0.1278,-0.1278,-0.1278
1,-0.17825,-0.17825,-0.17825,-0.17825,-0.17825,-0.17825,-0.17825,-0.17825,-0.17825,-0.17825,-0.17825,-0.17825,-0.17825,-0.17825
1,-0.14252,-0.14252,-0.14252,-0.14252,-0.14252,-0.14252,-0.14252,-0.14252,-0.14252,-0.14252,-0.14252,-0.14252,-0.14252,-0.14252
1,-0.09687,-0.09687,-0.09687,-0.09687,-0.09687,-0.09687,-0.09687,-0.09687,-0.09687,-0.09687,-0.09687,-0.09687,-0.09687,-0.09687
1,-0.11425,-0.11425,-0.11425,-0.11425,-0.11425,-0.11425,-0.11425,-0.11425,-0.11425,-0.11425,-0.11425,-0.11425,-0.11425,-0.11425
1,-0.12461,-0.12461,-0.12461,-0.12461,-0.12461,-0.12461,-0.12461,-0.12461,-0.12461,-0.12461,-0.12461,-0.12461,-0.12461,-0.12461
1,-0.12805,-0.12805,-0.12805,-0.12805,-0.12805,-0.12805,-0.12805,-0.12805,-0.12805,-0.12805,-0.12805,-0.12805,-0.12805,-0.12805
1,-0.12025,-0.12025,-0.12025,-0.12025,-0.12025,-0.12025,-0.12025,-0.12025,-0.12025,-0.12025,-0.12025,-0.12025,-0.12025,-0.12025
1,-0.15042,-0.15042,-0.15042,-0.15042,-0.15042,-0.15042,-0.15042,-0.15042,-0.15042,-0.15042,-0.15042,-0.15042,-0.15042,-0.15042
1,-0.15933,-0.15933,-0.15933,-0.15933,-0.15933,-0.15933,-0.15933,-0.15933,-0.15933,-0.15933,-0.15933,-0.15933,-0.15933,-0.15933
1,-0.14394,-0.14394,-0.14394,-0.14394,-0.14394,-0.14394,-0.14394,-0.14394,-0.14394,-0.14394,-0.14394,-0.14394,-0.14394,-0.14394
1,-0.13667,-0.13667,-0.13667,-0.13667,-0.13667,-0.13667,-0.13667,-0.13667,-0.13667,-0.13667,-0.13667,-0.13667,-0.13667,-0.13667
1,-0.14447,-0.14447,-0.14447,-0.14447,-0.14447,-0.14447,-0.14447,-0.14447,-0.14447,-0.14447,-0.14447,-0.14447,-0.14447,-0.14447
1,-0.1227,-0.1227,-0.1227,-0.1227,-0.1227,-0.1227,-0.1227,-0.1227,-0.1227,-0.1227,-0.1227,-0.1227,-0.1227,-0.1227
1,-0.11466,-0.11466,-0.11466,-0.11466,-0.11466,-0.11466,-0.11466,-0.11466,-0.11466,-0.11466,-0.11466,-0.11466,-0.11466,-0.11466
1,-0.077672,-0.077672,-0.077672,-0.077672,-0.077672,-0.077672,-0.077672,-0.077672,-0.077672,-0.077672,-0.077672,-0.077672,-0.077672,-0.077672
1,-0.095626,-0.095626,-0.095626,-0.095626,-0.095626,-0.095626,-0.095626,-0.095626,-0.095626,-0.095626,-0.095626,-0.095626,-0.095626,-0.095626
1,-0.095162,-0.095162,-0.095162,-0.095162,-0.095162,-0.095162,-0.095162,-0.095162,-0.095162,-0.095162,-0.095162,-0.095162,-0.095162,-0.095162
1,-0.076486,-0.076486,-0.076486,-0.076486,-0.076486,-0.076486,-0.076486,-0.076486,-0.076486,-0.076486,-0.076486,-0.076486,-0.076486,-0.076486
1,-0.074108,-0.074108,-0.074108,-0.074108,-0.074108,-0.074108,-0.074108,-0.074108,-0.074108,-0.074108,-0.074108,-0.074108,-0.074108,-0.074108
1,-0.083243,-0.083243,-0.083243,-0.083243,-0.083243,-0.083243,-0.083243,-0.083243,-0.083243,-0.083243,-0.083243,-0.083243,-0.083243,-0.083243
1,-0.081141,-0.081141,-0.081141,-0.081141,-0.081141,-0.081141,-0.081141,-0.081141,-0.081141,-0.081141,-0.081141,-0.081141,-0.081141,-0.081141
1,-0.09091,-0.09091,-0.09091,-0.09091,-0.09091,-0.09091,-0.09091,-0.09091,-0.09091,-0.09091,-0.09091,-0.09091,-0.09091,-0.09091
1,-0.21569,-0.21569,-0.21569,-0.21569,-0.21569,-0.21569,-0.21569,-0.21569,-0.21569,-0.21569,-0.21569,-0.21569,-0.21569,-0.21569
1,-0.14429,-0.14429,-0.14429,-0.14429,-0.14429,-0.14429,-0.14429,-0.14429,-0.14429,-0.14429,-0.14429,-0.14429,-0.14429,-0.14429
1,-0.16754,-0.16754,-0.16754,-0.16754,-0.16754,-0.16754,-0.16754,-0.16754,-0.16754,-0.16754,-0.16754,-0.16754,-0.16754,-0.16754
1,-0.21184,-0.21184,-0.21184,-0.21184,-0.21184,-0.21184,-0.21184,-0.21184,-0.21184,-0.21184,-0.21184,-0.21184,-0.21184,-0.21184
1,-0.21964,-0.21964,-0.21964,-0.21964,-0.21964,-0.21964,-0.21964,-0.21964,-0.21964,-0.21964,-0.21964,-0.21964,-0.21964,-0.21964
1,-0.088756,-0.088756,-0.088756,-0.088756,-0.088756,-0.088756,-0.088756,-0.088756,-0.088756,-0.088756,-0.088756,-0.088756,-0.088756,-0.088756
1,-0.098476,-0.098476,-0.098476,-0.098476,-0.098476,-0.098476,-0.098476,-0.098476,-0.098476,-0.098476,-0.098476,-0.098476,-0.098476,-0.098476
1,-0.13939,-0.13939,-0.13939,-0.13939,-0.13939,-0.13939,-0.13939,-0.13939,-0.13939,-0.13939,-0.13939,-0.13939,-0.13939,-0.13939
1,-0.085359,-0.085359,-0.085359,-0.085359,-0.085359,-0.085359,-0.085359,-0.085359,-0.085359,-0.085359,-0.085359,-0.085359,-0.085359,-0.085359
1,-0.12391,-0.12391,-0.12391,-0.12391,-0.12391,-0.12391,-0.12391,-0.12391,-0.12391,-0.12391,-0.12391,-0.12391,-0.12391,-0.12391
1,-0.067942,-0.067942,-0.067942,-0.067942,-0.067942,-0.067942,-0.067942,-0.067942,-0.067942,-0.067942,-0.067942,-0.067942,-0.067942,-0.067942
1,-0.064474,-0.064474,-0.064474,-0.064474,-0.064474,-0.064474,-0.064474,-0.064474,-0.064474,-0.064474,-0.064474,-0.064474,-0.064474,-0.064474
1,-0.055061,-0.055061,-0.055061,-0.055061,-0.055061,-0.055061,-0.055061,-0.055061,-0.055061,-0.055061,-0.055061,-0.055061,-0.055061,-0.055061
1,-0.085877,-0.085877,-0.085877,-0.085877,-0.085877,-0.085877,-0.085877,-0.085877,-0.085877,-0.085877,-0.085877,-0.085877,-0.085877,-0.085877
1,-0.066692,-0.066692,-0.066692,-0.066692,-0.066692,-0.066692,-0.066692,-0.066692,-0.066692,-0.066692,-0.066692,-0.066692,-0.066692,-0.066692
1,-0.084131,-0.084131,-0.084131,-0.084131,-0.084131,-0.084131,-0.084131,-0.084131,-0.084131,-0.084131,-0.084131,-0.084131,-0.084131,-0.084131
1,-0.098064,-0.098064,-0.098064,-0.098064,-0.098064,-0.098064,-0.098064,-0.098064,-0.098064,-0.098064,-0.098064,-0.098064,-0.098064,-0.098064
1,-0.067388,-0.067388,-0.067388,-0.067388,-0.067388,-0.067388,-0.067388,-0.067388,-0.067388,-0.067388,-0.067388,-0.067388,-0.067388,-0.067388
1,-0.079167,-0.079167,-0.079167,-0.079167,-0.079167,-0.079167,-0.079167,-0.079167,-0.079167,-0.079167,-0.079167,-0.079167,-0.079167,-0.079167
1,-0.12857,-0.12857,-0.12857,-0.12857,-0.12857,-0.12857,-0.12857,-0.12857,-0.12857,-0.12857,-0.12857,-0.12857,-0.12857,-0.12857
1,-0.092639,-0.092639,-0.092639,-0.092639,-0.092639,-0.092639,-0.092639,-0.092639,-0.092639,-0.092639,-0.092639,-0.092639,-0.092639,-0.092639
1,-0.12095,-0.12095,-0.12095,-0.12095,-0.12095,-0.12095,-0.12095,-0.12095,-0.12095,-0.12095,-0.12095,-0.12095,-0.12095,-0.12095
1,-0.10664,-0.10664,-0.10664,-0.10664,-0.10664,-0.10664,-0.10664,-0.10664,-0.10664,-0.10664,-0.10664,-0.10664,-0.10664,-0.10664
1,-0.11276,-0.11276,-0.11276,-0.11276,-0.11276,-0.11276,-0.11276,-0.11276,-0.11276,-0.11276,-0.11276,-0.11276,-0.11276,-0.11276
1,-0.090298,-0.090298,-0.090298,-0.090298,-0.090298,-0.090298,-0.090298,-0.090298,-0.090298,-0.090298,-0.090298,-0.090298,-0.090298,-0.090298
1,-0.11459,-0.11459,-0.11459,-0.11459,-0.11459,-0.11459,-0.11459,-0.11459,-0.11459,-0.11459,-0.11459,-0.11459,-0.11459,-0.11459
1,-0.16051,-0.16051,-0.16051,-0.16051,-0.16051,-0.16051,-0.16051,-0.16051,-0.16051,-0.16051,-0.16051,-0.16051,-0.16051,-0.16051
1,-0.13192,-0.13192,-0.13192,-0.13192,-0.13192,-0.13192,-0.13192,-0.13192,-0.13192,-0.13192,-0.13192,-0.13192,-0.13192,-0.13192
1,-0.11804,-0.11804,-0.11804,-0.11804,-0.11804,-0.11804,-0.11804,-0.11804,-0.11804,-0.11804,-0.11804,-0.11804,-0.11804,-0.11804
1,-0.26795,-0.26795,1.4738,-0.17149,-0.26795,-0.26795,-0.26795,-0.26795,4.5714,-0.20364,-0.26795,1.2755,0.25725,0.97001
1,-0.057449,-0.057449,-0.057449,-0.057449,-0.057449,-0.057449,-0.057449,-0.057449,-0.057449,-0.057449,-0.057449,-0.057449,-0.057449,-0.057449
1,-0.068154,-0.068154,-0.068154,-0.068154,-0.068154,-0.068154,-0.068154,-0.068154,-0.068154,-0.068154,-0.068154,-0.068154,-0.068154,-0.068154
1,-0.082009,-0.082009,-0.082009,-0.082009,-0.082009,-0.082009,-0.082009,-0.082009,-0.082009,-0.082009,-0.082009,-0.082009,-0.082009,-0.082009
1,-0.070667,-0.070667,-0.070667,-0.070667,-0.070667,-0.070667,-0.070667,-0.070667,-0.070667,-0.070667,-0.070667,-0.070667,-0.070667,-0.070667
1,-0.086373,-0.086373,-0.086373,-0.086373,-0.086373,-0.086373,-0.086373,-0.086373,-0.086373,-0.086373,-0.086373,-0.086373,-0.086373,-0.086373
1,-0.16991,-0.16991,-0.16991,-0.16991,-0.16991,-0.16991,-0.16991,-0.16991,-0.16991,-0.16991,-0.16991,-0.16991,-0.16991,-0.16991
1,-0.15921,-0.15921,-0.15921,-0.15921,-0.15921,-0.15921,-0.15921,-0.15921,-0.15921,-0.15921,-0.15921,-0.15921,-0.15921,-0.15921
1,-0.13901,-0.13901,-0.13901,-0.13901,-0.13901,-0.13901,-0.13901,-0.13901,-0.13901,-0.13901,-0.13901,-0.13901,-0.13901,-0.13901
1,-0.13997,-0.13997,-0.13997,-0.13997,-0.13997,-0.13997,-0.13997,-0.13997,-0.13997,-0.13997,-0.13997,-0.13997,-0.13997,-0.13997
1,-0.15419,-0.15419,-0.15419,-0.15419,-0.15419,-0.15419,-0.15419,-0.15419,-0.15419,-0.15419,-0.15419,-0.15419,-0.15419,-0.15419
2,-0.13662,-0.13662,-0.13662,-0.11549,-0.13662,-0.13662,-0.11549,-0.13662,-0.13662,-0.11549,-0.13662,-0.11549,-0.13662,-0.13662
2,-0.12408,-0.10847,-0.12408,-0.12408,-0.10847,-0.12408,-0.12408,-0.10847,-0.12408,-0.10847,-0.12408,-0.12408,-0.10847,-0.12408
2,-0.1501,-0.1636,-0.1636,-0.1501,-0.1636,-0.1501,-0.1636,-0.1636,-0.1501,-0.1636,-0.1636,-0.1501,-0.1636,-0.1636
2,-0.087278,-0.052977,-0.087278,-0.087278,-0.052977,-0.087278,-0.087278,-0.052977,-0.087278,-0.087278,-0.052977,-0.087278,-0.087278,-0.052977
2,-0.098765,-0.12286,-0.12286,-0.098765,-0.12286,-0.12286,-0.098765,-0.12286,-0.12286,-0.098765,-0.12286,-0.12286,-0.098765,-0.12286
2,-0.098076,-0.098076,-0.098076,-0.098076,-0.18336,-0.098076,-0.098076,-0.098076,-0.098076,-0.098076,-0.18336,-0.098076,-0.098076,-0.098076
2,-0.07058,-0.07058,-0.07058,-0.07058,-0.2372,-0.07058,-0.07058,-0.07058,-0.07058,-0.07058,-0.07058,-0.07058,-0.2372,-0.07058
2,-0.074326,-0.074326,-0.22636,-0.074326,-0.074326,-0.074326,-0.074326,-0.074326,-0.074326,-0.074326,-0.074326,-0.074326,-0.074326,-0.22636
2,-0.2218,-0.11989,-0.11989,-0.11989,-0.11989,-0.11989,-0.2218,-0.11989,-0.11989,-0.11989,-0.2218,-0.11989,-0.11989,-0.11989
2,-0.094664,-0.13253,-0.094664,-0.094664,-0.094664,-0.094664,-0.13253,-0.094664,-0.094664,-0.094664,-0.094664,-0.13253,-0.094664,-0.094664
2,-0.12981,-0.12981,-0.12981,-0.033556,-0.12981,-0.12981,-0.12981,-0.033556,-0.12981,-0.12981,-0.12981,-0.033556,-0.12981,-0.12981
2,-0.11968,-0.11968,-0.11968,-0.089392,-0.11968,-0.11968,-0.089392,-0.11968,-0.11968,-0.11968,-0.11968,-0.089392,-0.11968,-0.11968
2,-0.11691,-0.11691,-0.11691,-0.087519,-0.11691,-0.11691,-0.11691,-0.087519,-0.11691,-0.11691,-0.11691,-0.087519,-0.11691,-0.11691
2,-0.097599,-0.05176,-0.097599,-0.097599,-0.097599,-0.05176,-0.097599,-0.097599,-0.097599,-0.097599,-0.05176,-0.097599,-0.097599,-0.097599
2,-0.13439,-0.023042,-0.13439,-0.13439,-0.13439,-0.023042,-0.13439,-0.13439,-0.13439,-0.023042,-0.13439,-0.13439,-0.13439,-0.023042
2,-0.035023,-0.092465,-0.035023,-0.035023,-0.092465,-0.035023,-0.035023,-0.092465,-0.035023,-0.035023,-0.092465,-0.035023,-0.035023,-0.035023
2,-0.030971,-0.086441,-0.030971,-0.030971,-0.086441,-0.030971,-0.030971,-0.030971,-0.086441,-0.030971,-0.030971,-0.086441,-0.030971,-0.030971
2,-0.033724,-0.033724,-0.092948,-0.033724,-0.033724,-0.092948,-0.033724,-0.033724,-0.092948,-0.033724,-0.033724,-0.092948,-0.033724,-0.033724
2,-0.032561,-0.032561,-0.087722,-0.032561,-0.032561,-0.087722,-0.032561,-0.032561,-0.087722,-0.032561,-0.032561,-0.087722,-0.032561,-0.032561
2,-0.087914,-0.032776,-0.032776,-0.087914,-0.032776,-0.032776,-0.087914,-0.032776,-0.032776,-0.087914,-0.032776,-0.032776,-0.087914,-0.032776
2,-0.106,-0.106,-0.081111,-0.106,-0.106,-0.106,-0.106,-0.106,-0.106,-0.106,-0.106,-0.106,-0.081111,-0.106
2,-0.18676,-0.18676,-0.18676,-0.18676,-0.18676,-0.18676,-0.18676,-0.16989,-0.18676,-0.18676,-0.18676,-0.18676,-0.18676,-0.18676
2,-0.072361,-0.072361,-0.072361,-0.072361,-0.072361,-0.072361,-0.035226,-0.072361,-0.072361,-0.072361,-0.072361,-0.072361,-0.072361,-0.072361
2,-0.072137,-0.016706,-0.072137,-0.072137,-0.072137,-0.072137,-0.072137,-0.072137,-0.072137,-0.072137,-0.016706,-0.072137,-0.072137,-0.072137
2,-0.12852,-0.12852,-0.12852,-0.12852,-0.12852,-0.12852,-0.12852,-0.12852,-0.12852,-0.12852,-0.10785,-0.12852,-0.12852,-0.12852
2,-0.09794,-0.09794,-0.09794,-0.09794,-0.09794,-0.09794,-0.09794,-0.09794,-0.09794,-0.09794,-0.09794,-0.09794,-0.09794,-0.09794
2,-0.075117,-0.075117,-0.075117,-0.075117,-0.075117,-0.075117,-0.075117,-0.075117,-0.075117,-0.075117,-0.075117,-0.075117,-0.075117,-0.075117
2,-0.09871,-0.09871,-0.09871,-0.09871,-0.09871,-0.09871,-0.09871,-0.09871,-0.09871,-0.09871,-0.09871,-0.09871,-0.09871,-0.09871
2,-0.052827,-0.052827,-0.052827,-0.052827,-0.052827,-0.052827,-0.052827,-0.052827,-0.052827,-0.052827,-0.052827,-0.052827,-0.052827,-0.052827
2,-0.067902,-0.067902,-0.067902,-0.067902,-0.067902,-0.067902,-0.067902,-0.067902,-0.067902,-0.067902,-0.067902,-0.067902,-0.067902,-0.067902
2,-0.087024,-0.087024,0.016713,-0.087024,-0.087024,0.016713,-0.087024,-0.087024,0.016713,-0.087024,-0.087024,0.016713,-0.087024,-0.087024
2,-0.052134,-0.10032,-0.052134,-0.10032,-0.10032,-0.052134,-0.10032,-0.10032,-0.052134,-0.10032,-0.10032,-0.052134,-0.10032,-0.052134
2,0.015246,-0.09133,-0.09133,0.015246,-0.09133,-0.09133,0.015246,-0.09133,-0.09133,0.015246,-0.09133,-0.09133,0.015246,-0.09133
2,-0.078461,-0.12488,-0.12488,-0.078461,-0.12488,-0.12488,-0.078461,-0.12488,-0.12488,-0.078461,-0.12488,-0.12488,-0.078461,-0.12488
2,-0.1045,-0.025217,-0.1045,-0.025217,-0.1045,-0.1045,-0.025217,-0.1045,-0.025217,-0.1045,-0.1045,-0.025217,-0.1045,-0.025217
2,-0.038907,-0.038907,-0.038907,-0.038907,-0.038907,-0.038907,-0.038907,-0.038907,-0.038907,-0.038907,-0.038907,-0.038907,-0.038907,-0.038907
2,-0.098036,-0.098036,-0.098036,-0.098036,-0.098036,-0.098036,-0.098036,-0.098036,-0.098036,-0.098036,-0.098036,-0.098036,-0.098036,-0.098036
2,-0.061989,-0.061989,-0.061989,-0.061989,-0.061989,-0.061989,-0.061989,-0.061989,-0.061989,-0.061989,-0.061989,-0.061989,-0.061989,-0.061989
2,-0.039368,-0.039368,-0.039368,-0.039368,-0.039368,-0.039368,-0.039368,-0.039368,-0.039368,-0.039368,-0.039368,-0.039368,-0.039368,-0.039368
2,-0.066221,-0.066221,-0.066221,-0.066221,-0.066221,-0.066221,-0.066221,-0.066221,-0.066221,-0.066221,-0.066221,-0.066221,-0.066221,-0.066221
2,-0.076377,-0.076377,-0.076377,-0.076377,-0.076377,-0.12419,-0.076377,-0.076377,-0.076377,-0.076377,-0.076377,-0.076377,-0.076377,-0.076377
2,-0.038891,-4.0391,-0.038891,-0.038891,-0.038891,-0.038891,-0.038891,-0.038891,-0.038891,-0.038891,-0.038891,-0.038891,-0.038891,-0.038891
2,-0.071119,-0.071119,-0.071119,-0.071119,-0.071119,-0.071119,-0.0097213,-0.071119,-0.071119,-0.071119,-0.071119,-0.071119,-0.071119,-0.071119
2,-0.048459,-0.048459,-0.048459,-0.048459,-0.048459,-0.048459,-0.048459,-0.048459,-0.048459,-0.048459,-0.048459,-0.048459,-0.28581,-0.048459
2,-0.063854,-0.063854,-0.063854,-0.063854,-0.063854,-0.063854,-0.063854,-0.063854,-0.063854,-0.11788,-0.063854,-0.063854,-0.063854,-0.063854
2,-0.03829,-0.03829,-0.03829,-0.03829,-0.03829,-0.03829,-0.03829,-0.03829,-0.03829,-0.03829,-0.03829,-0.03829,-0.03829,-0.03829
2,-0.092072,-0.092072,-0.092072,-0.092072,-0.092072,-0.092072,-0.092072,-0.092072,-0.092072,-0.092072,-0.092072,-0.092072,-0.092072,-0.092072
2,-0.086035,-0.086035,-0.086035,-0.086035,-0.086035,-0.086035,-0.086035,-0.086035,-0.086035,-0.086035,-0.086035,-0.086035,-0.086035,-0.086035
2,-0.08484,-0.08484,-0.08484,-0.08484,-0.08484,-0.08484,-0.08484,-0.08484,-0.08484,-0.08484,-0.08484,-0.08484,-0.08484,-0.08484
2,-0.088689,-0.088689,-0.088689,-0.088689,-0.088689,-0.088689,-0.088689,-0.088689,-0.088689,-0.088689,-0.088689,-0.088689,-0.088689,-0.088689
2,-0.087805,-0.11924,-0.087805,-0.087805,-0.11924,-0.087805,-0.11924,-0.087805,-0.11924,-0.087805,-0.11924,-0.087805,-0.087805,-0.11924
2,-0.086562,-0.041627,-0.041627,-0.086562,-0.041627,-0.086562,-0.041627,-0.041627,-0.086562,-0.041627,-0.086562,-0.041627,-0.041627,-0.086562
2,-0.097864,-0.06439,-0.097864,-0.06439,-0.06439,-0.097864,-0.06439,-0.097864,-0.06439,-0.06439,-0.097864,-0.06439,-0.097864,-0.06439
2,-0.071666,-0.10895,-0.071666,-0.10895,-0.071666,-0.071666,-0.10895,-0.071666,-0.10895,-0.071666,-0.10895,-0.071666,-0.071666,-0.10895
2,-0.12825,-0.037096,-0.037096,-0.12825,-0.037096,-0.12825,-0.037096,-0.037096,-0.12825,-0.037096,-0.037096,-0.12825,-0.037096,-0.12825
2,-0.17821,-0.17821,-0.17821,-0.17821,-0.17821,-0.17821,-0.17821,0.040751,-0.17821,-0.17821,-0.17821,-0.17821,-0.17821,-0.17821
2,-0.098064,-0.098064,-0.098064,-0.098064,-0.098064,-0.045136,-0.098064,-0.098064,-0.098064,-0.098064,-0.098064,-0.098064,-0.045136,-0.098064
2,-0.11465,-0.11465,-0.044157,-0.11465,-0.11465,-0.11465,-0.11465,-0.11465,-0.11465,-0.044157,-0.11465,-0.11465,-0.11465,-0.11465
2,0.18714,-0.069997,-0.069997,-0.069997,-0.069997,-0.069997,0.18714,-0.069997,-0.069997,-0.069997,-0.069997,0.18714,-0.069997,-0.069997
2,-0.21692,-0.21692,-0.21692,-0.1776,-0.21692,-0.21692,-0.21692,-0.21692,-0.1776,-0.21692,-0.21692,-0.21692,-0.21692,-0.1776
2,-0.080405,-0.080405,-0.080405,-0.080405,-0.080405,-0.080405,-0.080405,-0.080405,-0.080405,-0.080405,-0.080405,-0.080405,-0.080405,-0.080405
2,-0.038994,-0.038994,-0.038994,-0.038994,-0.038994,-0.038994,-0.038994,-0.038994,-0.038994,-0.038994,-0.038994,-0.038994,-0.038994,-0.038994
2,-0.044416,-0.044416,-0.044416,-0.044416,-0.044416,-0.044416,-0.044416,-0.044416,-0.044416,-0.044416,-0.044416,-0.044416,-0.044416,-0.044416
2,-0.037511,-0.037511,-0.037511,-0.037511,-0.037511,-0.037511,-0.037511,-0.037511,-0.037511,-0.037511,-0.037511,-0.037511,-0.037511,-0.037511
2,-0.08744,-0.08744,-0.08744,-0.08744,-0.08744,-0.08744,-0.08744,-0.08744,-0.08744,-0.08744,-0.08744,-0.08744,-0.08744,-0.08744
2,-0.090603,-0.090603,-0.090603,-0.090603,-0.090603,-0.090603,-0.090603,-0.090603,-0.090603,-0.090603,-0.090603,-0.090603,-0.090603,-0.090603
2,-0.15643,-0.15643,-0.15643,-0.15643,-0.15643,-0.15643,-0.15643,-0.15643,-0.15643,-0.15643,-0.15643,-0.15643,-0.15643,-0.15643
2,-0.039546,-0.039546,-0.039546,-0.039546,-0.039546,-0.039546,-0.039546,-0.039546,-0.039546,-0.039546,-0.039546,-0.039546,-0.039546,-0.039546
2,-0.16621,-0.16621,-0.16621,-0.16621,-0.16621,-0.16621,-0.16621,-0.16621,-0.16621,-0.16621,-0.16621,-0.16621,-0.16621,-0.16621
2,-0.060071,-0.060071,-0.060071,-0.060071,-0.060071,-0.060071,-0.060071,-0.060071,-0.060071,-0.060071,-0.060071,-0.060071,-0.060071,-0.060071
2,-0.093583,-0.093583,-0.093583,0.18032,-0.093583,-0.093583,-0.093583,-0.093583,-0.093583,0.18032,-0.093583,-0.093583,-0.093583,-0.093583
2,-0.058375,-0.10045,-0.10045,-0.10045,-0.10045,-0.10045,-0.058375,-0.10045,-0.10045,-0.10045,-0.10045,-0.058375,-0.10045,-0.10045
2,-0.098856,-0.098856,-0.098856,-0.098856,-0.02593,-0.098856,-0.098856,-0.098856,-0.098856,-0.02593,-0.098856,-0.098856,-0.098856,-0.098856
2,-0.001117,-0.07423,-0.07423,-0.07423,-0.07423,-0.001117,-0.07423,-0.07423,-0.07423,-0.07423,-0.07423,-0.001117,-0.07423,-0.07423
2,-0.13839,-0.13839,-0.13839,-0.13839,-0.11272,-0.13839,-0.13839,-0.13839,-0.13839,-0.11272,-0.13839,-0.13839,-0.13839,-0.13839
2,-0.092701,-0.092701,-0.092701,-0.092701,-0.092701,-0.092701,-0.092701,-0.092701,-0.14075,-0.092701,-0.092701,-0.092701,-0.092701,-0.092701
2,-0.080535,-0.080535,-0.080535,-0.080535,-0.080535,-0.080535,-0.080535,-0.080535,-0.0018577,-0.080535,-0.080535,-0.080535,-0.080535,-0.080535
2,-0.15535,-0.15535,-0.15535,-0.15535,-0.15535,-0.15535,-0.15535,-0.15535,-0.15535,-0.15535,-0.15535,-0.15535,-0.15535,-0.15535
2,0.18085,-0.060581,-0.060581,-0.060581,-0.060581,-0.060581,-0.060581,-0.060581,-0.060581,-0.060581,-0.060581,-0.060581,-0.060581,-0.060581
2,-0.074515,-0.074515,-0.074515,-0.074515,-0.074515,-0.074515,-0.074515,-0.074515,-0.074515,-0.074515,-0.074515,-0.074515,-0.074515,-0.074515
2,-0.047234,-0.047234,-0.047234,-0.047234,-0.047234,0.076885,-0.047234,-0.047234,-0.047234,-0.047234,-0.047234,-0.047234,-0.047234,-0.047234
2,-0.10969,-0.10969,-0.10969,-0.10969,-0.10969,-0.10969,-0.10969,-0.10969,-0.10969,-0.10969,-0.10969,-0.10969,-0.10969,-0.10969
2,0.014078,0.014078,0.014078,0.014078,0.014078,0.014078,0.014078,0.014078,0.014078,0.014078,0.014078,0.014078,0.014078,0.014078
2,0,0,0,0,0,0,5.0674,0,0,0,0,0,0,0
2,-0.071509,-0.071509,-0.071509,-0.071509,-0.071509,-0.071509,-0.071509,-0.071509,-0.071509,-0.071509,-0.071509,-0.071509,0.006738,-0.071509
2,-0.0982,-0.0982,-0.0982,-0.0982,-0.0982,-0.0982,-0.0982,-0.0982,-0.0982,-0.0982,-0.0982,-0.0982,-0.0982,-0.0982
2,-0.11244,-0.11244,-0.11244,-0.11244,-0.11244,-0.11244,-0.11244,-0.11244,-0.11244,-0.11244,-0.11244,-0.11244,-0.11244,-0.11244
2,-0.096225,-0.096225,-0.096225,-0.096225,-0.096225,-0.096225,-0.096225,-0.096225,-0.096225,-0.096225,-0.096225,-0.096225,-0.096225,-0.096225
2,-0.098047,-0.098047,-0.098047,-0.098047,-0.098047,-0.098047,-0.098047,-0.098047,-0.098047,-0.098047,-0.098047,-0.098047,-0.098047,-0.098047
2,-0.12646,-0.12646,-0.12646,-0.12646,-0.12646,-0.12646,-0.12646,-0.12646,-0.12646,-0.12646,-0.12646,-0.12646,-0.12646,-0.12646
2,-0.108,-0.14007,-0.14007,-0.108,-0.14007,-0.108,-0.14007,-0.108,-0.14007,-0.14007,-0.108,-0.14007,-0.108,-0.14007
2,-0.057272,-0.15834,-0.057272,-0.15834,-0.057272,-0.15834,-0.057272,-0.15834,-0.15834,-0.057272,-0.15834,-0.057272,-0.15834,-0.057272
2,-0.025377,-0.073972,-0.073972,-0.073972,-0.073972,-0.025377,-0.073972,-0.073972,-0.073972,-0.073972,-0.025377,-0.073972,-0.073972,-0.073972
2,-0.051376,-0.051376,-0.051376,-0.051376,-0.051376,-0.051376,-0.051376,-0.051376,-0.051376,0.22468,-0.051376,-0.051376,-0.051376,-0.051376
2,-0.12891,-0.091038,-0.12891,-0.091038,-0.12891,-0.12891,-0.091038,-0.12891,-0.091038,-0.12891,-0.091038,-0.12891,-0.091038,-0.12891
2,-0.065734,-0.065734,-0.065734,-0.065734,-0.065734,-0.065734,-0.065734,-0.065734,-0.065734,-0.065734,-0.065734,-0.018594,-0.065734,-0.065734
2,-0.05793,-0.05793,-0.05793,-0.05793,-0.05793,-0.05793,-0.05793,-0.05793,-0.05793,-0.05793,-0.05793,-0.05793,-0.05793,-0.05793
2,-0.055804,-0.055804,-0.055804,-0.055804,-0.055804,-0.055804,-0.055804,-0.055804,-0.055804,-0.055804,-0.055804,-0.055804,-0.055804,-0.055804
2,-0.11159,-0.11159,-0.11159,-0.11159,-0.11159,-0.11159,-0.11159,-0.11159,-0.11159,-0.11159,-0.11159,-0.11159,-0.11159,-0.11159
2,-0.13507,-0.10906,-0.13507,-0.13507,-0.13507,-0.13507,-0.13507,-0.13507,-0.13507,-0.13507,-0.13507,-0.13507,-0.13507,-0.13507
2,-0.049626,-0.049626,-0.049626,-0.049626,-0.049626,-0.049626,-0.049626,-0.049626,-0.049626,-0.049626,-0.049626,-0.049626,-0.049626,-0.049626
2,-0.044469,-0.044469,-0.044469,-0.044469,-0.044469,-0.044469,-0.044469,-0.044469,-0.044469,-0.044469,-0.044469,-0.044469,-0.044469,-0.044469
2,-0.051366,-0.051366,-0.051366,-0.051366,-0.051366,-0.051366,-0.051366,-0.051366,-0.051366,-0.051366,-0.051366,-0.051366,-0.051366,-0.051366
2,-0.073279,-0.073279,-0.073279,-0.073279,-0.073279,-0.073279,-0.073279,-0.073279,-0.073279,-0.073279,-0.073279,-0.073279,-0.073279,-0.073279
2,-0.04615,-0.04615,-0.04615,-0.04615,-0.04615,-0.04615,-0.04615,-0.04615,-0.04615,-0.04615,-0.04615,-0.04615,-0.04615,-0.04615
2,-0.14437,-0.14437,-0.14437,-0.14437,-0.14437,-0.14437,-0.14437,-0.14437,-0.14437,-0.14437,-0.14437,-0.14437,-0.14437,-0.14437
2,-0.068999,-0.068999,-0.068999,-0.068999,-0.068999,-0.068999,-0.068999,-0.068999,-0.068999,-0.068999,-0.068999,-0.068999,-0.068999,-0.068999
2,-0.074563,-0.074563,-0.074563,-0.074563,-0.074563,-0.074563,-0.074563,-0.074563,-0.074563,-0.074563,-0.074563,-0.074563,-0.074563,-0.074563
2,-0.12561,-0.12561,-0.12561,-0.12561,-0.12561,-0.12561,-0.12561,-0.12561,-0.12561,-0.12561,-0.12561,-0.12561,-0.12561,-0.12561
2,-0.12548,-0.12548,-0.12548,-0.12548,-0.12548,-0.12548,-0.12548,-0.12548,-0.12548,-0.12548,-0.12548,-0.12548,-0.12548,-0.12548
2,0.70882,0.70882,-1.4088,0.70882,0.70882,0.70882,-1.4088,0.70882,0.70882,-1.4088,0.70882,0.70882,-1.4088,0.70882
2,0.70882,-1.4088,0.70882,0.70882,-1.4088,0.70882,0.70882,-1.4088,0.70882,0.70882,-1.4088,0.70882,0.70882,-1.4088
2,0.70882,0.70882,0.70882,-1.4088,0.70882,0.70882,-1.4088,0.70882,0.70882,-1.4088,0.70882,0.70882,0.70882,-1.4088
2,-0.064462,-0.10748,-0.064462,-0.064462,-0.064462,-0.10748,-0.064462,-0.064462,-0.10748,-0.064462,-0.064462,-0.10748,-0.064462,-0.10748
2,0.72436,-1.3786,0.72436,0.72436,-1.3786,0.72436,0.72436,-1.3786,0.72436,0.72436,-1.3786,0.72436,0.72436,-1.3786
2,-0.12814,-0.12814,-0.11345,-0.12814,-0.12814,-0.12814,-0.12814,-0.12814,-0.12814,-0.12814,-0.12814,-0.12814,-0.12814,-0.12814
2,-0.122,-0.122,-0.122,-0.122,-0.122,-0.122,-0.122,-0.122,-0.122,-0.122,-0.122,-0.122,-0.122,-0.122
2,-0.12312,-0.12312,-0.12312,-0.12312,-0.12312,-0.12312,-0.12312,-0.12312,-0.12312,-0.12312,-0.12312,-0.12312,-0.12312,-0.12312
2,-0.14105,-0.14105,-0.14105,-0.14105,-0.14105,-0.14105,-0.14105,-0.14105,-0.14105,-0.14105,-0.14105,-0.14105,-0.14105,-0.14105
2,-0.062117,-0.062117,-0.062117,-0.062117,-0.062117,-0.062117,-0.062117,-0.062117,-0.062117,-0.062117,-0.062117,-0.062117,-0.062117,0.0070086
2,-0.089334,-0.042419,-0.089334,-0.042419,-0.042419,-0.089334,-0.042419,-0.042419,-0.089334,-0.042419,-0.089334,-0.042419,-0.042419,-0.089334
2,0.22719,0.22719,0.22719,0.22719,0.22719,0.22719,0.22719,0.22719,0.22719,0.22719,0.22719,0.22719,0.22719,0.22719
2,-0.066249,-0.066249,-0.10981,-0.066249,-0.066249,-0.10981,-0.066249,-0.066249,-0.10981,-0.066249,-0.066249,-0.10981,-0.066249,-0.066249
2,-0.1181,-0.076496,-0.076496,-0.1181,-0.076496,-0.1181,-0.076496,-0.076496,-0.1181,-0.076496,-0.076496,-0.1181,-0.076496,-0.1181
2,0.071223,0.071223,0.071223,0.071223,0.071223,0.071223,0.071223,0.071223,0.071223,0.071223,0.071223,0.071223,0.071223,0.071223
3,-0.050137,-0.050137,-0.050137,-0.050137,-0.050137,-0.050137,-0.050137,-0.050137,-0.050137,-0.050137,-0.050137,-0.050137,-0.050137,-0.050137
3,-0.073352,-0.073352,-0.073352,-0.073352,-0.073352,-0.073352,-0.073352,-0.073352,-0.073352,-0.073352,-0.073352,-0.073352,-0.073352,-0.073352
3,-0.056984,-0.056984,-0.056984,-0.056984,-0.056984,-0.056984,-0.056984,-0.056984,-0.056984,-0.056984,-0.056984,-0.056984,-0.056984,-0.056984
3,-0.052933,-0.052933,-0.052933,-0.052933,-0.052933,-0.052933,-0.052933,-0.052933,-0.052933,-0.052933,-0.052933,-0.052933,-0.052933,-0.052933
3,-0.052685,-0.052685,-0.052685,-0.052685,-0.052685,-0.052685,-0.052685,-0.052685,-0.052685,-0.052685,-0.052685,-0.052685,-0.052685,-0.052685
3,-0.062238,-0.062238,-0.062238,-0.062238,-0.062238,-0.062238,-0.062238,-0.062238,-0.062238,-0.062238,-0.062238,-0.062238,-0.062238,-0.062238
3,-0.054577,-0.054577,-0.054577,-0.054577,-0.054577,-0.054577,-0.054577,-0.054577,-0.054577,-0.054577,-0.054577,-0.054577,-0.054577,-0.054577
3,-0.060329,-0.060329,-0.060329,-0.060329,-0.060329,-0.060329,-0.060329,-0.060329,-0.060329,-0.060329,-0.060329,-0.060329,-0.060329,-0.060329
3,-0.058569,-0.058569,-0.058569,-0.058569,-0.058569,-0.058569,-0.058569,-0.058569,-0.058569,-0.058569,-0.058569,-0.058569,-0.058569,-0.058569
3,-0.063456,-0.063456,-0.063456,-0.063456,-0.063456,-0.063456,-0.063456,-0.063456,-0.063456,-0.063456,-0.063456,-0.063456,-0.063456,-0.063456
3,-0.061472,-0.061472,-0.061472,-0.061472,-0.061472,-0.061472,-0.061472,-0.061472,-0.061472,-0.061472,-0.061472,-0.061472,-0.061472,-0.061472
3,-0.053846,-0.053846,-0.053846,-0.053846,-0.053846,-0.053846,-0.053846,-0.053846,-0.053846,-0.053846,-0.053846,-0.053846,-0.053846,-0.053846
3,-0.05047,-0.05047,-0.05047,-0.05047,-0.05047,-0.05047,-0.05047,-0.05047,-0.05047,-0.05047,-0.05047,-0.05047,-0.05047,-0.05047
3,-0.054136,-0.054136,-0.054136,-0.054136,-0.054136,-0.054136,-0.054136,-0.054136,-0.054136,-0.054136,-0.054136,-0.054136,-0.054136,-0.054136
3,-0.045073,-0.045073,-0.045073,-0.045073,-0.045073,-0.045073,-0.045073,-0.045073,-0.045073,-0.045073,-0.045073,-0.045073,-0.045073,-0.045073
3,0.013336,-0.073955,-0.073955,-0.073955,0.013336,-0.073955,-0.073955,0.013336,-0.073955,-0.073955,-0.073955,0.013336,-0.073955,-0.073955
3,-0.084405,-0.084405,-0.084405,-0.027181,-0.084405,-0.084405,-0.027181,-0.084405,-0.084405,-0.027181,-0.084405,-0.084405,-0.084405,-0.027181
3,-0.077494,0.01473,-0.077494,-0.077494,-0.077494,0.01473,-0.077494,-0.077494,0.01473,-0.077494,-0.077494,-0.077494,0.01473,-0.077494
3,-0.069984,0.0075367,-0.069984,-0.069984,-0.069984,0.0075367,-0.069984,-0.069984,0.0075367,-0.069984,-0.069984,0.0075367,-0.069984,-0.069984
3,-0.087492,-0.029699,-0.087492,-0.087492,-0.087492,-0.029699,-0.087492,-0.087492,-0.029699,-0.087492,-0.087492,-0.087492,-0.029699,-0.087492
3,-0.049866,-0.049866,-0.049866,-0.049866,-0.049866,-0.049866,-0.049866,-0.049866,-0.049866,-0.049866,-0.049866,-0.049866,-0.049866,-0.049866
3,-0.050199,-0.050199,-0.050199,-0.050199,-0.050199,-0.050199,-0.050199,-0.050199,-0.050199,-0.050199,-0.050199,-0.050199,-0.050199,-0.050199
3,-0.051302,-0.051302,-0.051302,-0.051302,-0.051302,-0.051302,-0.051302,-0.051302,-0.051302,-0.051302,-0.051302,-0.051302,-0.051302,-0.051302
3,-0.050593,-0.050593,-0.050593,-0.050593,-0.050593,-0.050593,-0.050593,-0.050593,-0.050593,-0.050593,-0.050593,-0.050593,-0.050593,-0.050593
3,-0.050384,-0.050384,-0.050384,-0.050384,-0.050384,-0.050384,-0.050384,-0.050384,-0.050384,-0.050384,-0.050384,-0.050384,-0.050384,-0.050384
3,-0.067321,-0.067321,-0.067321,-0.067321,-0.067321,-0.067321,-0.067321,-0.067321,-0.067321,-0.067321,-0.067321,-0.067321,-0.067321,-0.067321
3,0.010112,0.010112,0.010112,-0.038752,0.010112,0.010112,0.010112,-0.038752,0.010112,0.010112,0.010112,-0.038752,0.010112,-0.087615
3,-0.14581,-0.14581,-0.14581,-0.14581,-0.14581,-0.14581,-0.14581,-0.14581,-0.14581,-0.14581,-0.14581,-0.14581,-0.14581,-0.14581
3,-0.080054,-0.080054,-0.080054,-0.080054,-0.080054,-0.080054,-0.080054,-0.080054,-0.080054,-0.080054,-0.080054,-0.080054,-0.080054,-0.080054
3,-0.044763,-0.044763,-0.044763,-0.044763,-0.044763,-0.044763,-0.044763,-0.044763,-0.044763,-0.044763,-0.044763,-0.044763,-0.044763,-0.044763
3,-0.078383,-0.078383,-0.078383,-0.078383,-0.078383,-0.078383,-0.078383,-0.078383,-0.078383,-0.078383,-0.078383,-0.078383,-0.078383,-0.078383
3,-0.068745,-0.068745,-0.068745,-0.068745,-0.068745,-0.068745,-0.068745,-0.068745,-0.068745,-0.068745,-0.068745,-0.068745,-0.068745,-0.068745
3,-0.10111,-0.059722,-0.10111,-0.10111,-0.059722,-0.10111,-0.10111,-0.059722,-0.10111,-0.10111,-0.10111,-0.059722,-0.10111,-0.10111
3,-0.061282,-0.10549,-0.10549,-0.10549,-0.061282,-0.10549,-0.10549,-0.061282,-0.10549,-0.10549,-0.10549,-0.061282,-0.10549,-0.10549
3,-0.082841,-0.024422,-0.082841,-0.082841,-0.024422,-0.082841,-0.082841,-0.082841,-0.024422,-0.082841,-0.082841,-0.024422,-0.082841,-0.082841
3,-0.059915,-0.059915,-0.059915,-0.059915,-0.059915,-0.059915,-0.059915,-0.059915,-0.059915,-0.059915,-0.059915,-0.059915,-0.059915,-0.059915
3,-0.053569,-0.053569,-0.053569,-0.053569,-0.053569,-0.053569,-0.053569,-0.053569,-0.053569,-0.053569,-0.053569,-0.053569,-0.053569,-0.053569
3,-0.078184,-0.078184,-0.078184,-0.078184,-0.078184,-0.078184,-0.078184,-0.078184,-0.078184,-0.078184,-0.078184,-0.078184,-0.078184,-0.078184
3,-0.078176,-0.078176,-0.078176,-0.078176,-0.078176,-0.078176,-0.078176,-0.078176,-0.078176,-0.078176,-0.078176,-0.078176,-0.078176,-0.078176
3,-0.043059,-0.043059,-0.043059,-0.043059,-0.043059,-0.043059,-0.043059,-0.043059,-0.043059,-0.043059,-0.043059,-0.043059,-0.043059,-0.043059
3,-0.054534,-0.054534,-0.054534,-0.054534,-0.054534,-0.054534,-0.054534,-0.054534,-0.054534,-0.054534,-0.054534,-0.054534,-0.054534,-0.054534
3,-0.097996,-0.097996,-0.097996,-0.097996,-0.097996,-0.097996,-0.097996,-0.097996,-0.097996,-0.097996,-0.097996,-0.097996,-0.097996,-0.097996
3,-0.052645,-0.052645,-0.052645,-0.052645,-0.052645,-0.052645,-0.052645,-0.052645,-0.052645,-0.052645,-0.052645,-0.052645,-0.052645,-0.052645
3,-0.069834,-0.069834,-0.069834,-0.069834,-0.069834,-0.069834,-0.069834,-0.069834,-0.069834,-0.069834,-0.069834,-0.069834,-0.069834,-0.069834
3,-0.053694,-0.053694,-0.053694,-0.053694,-0.053694,-0.053694,-0.053694,-0.053694,-0.053694,-0.053694,-0.053694,-0.053694,-0.053694,-0.053694
3,-0.046983,-0.046983,-0.046983,-0.046983,-0.046983,-0.046983,-0.046983,-0.046983,-0.046983,-0.046983,-0.046983,-0.046983,-0.046983,-0.046983
3,-0.13627,-0.13627,-0.13627,-0.13627,-0.13627,-0.13627,-0.13627,-0.13627,-0.13627,-0.13627,-0.13627,-0.13627,-0.13627,-0.13627
3,-0.070785,-0.070785,-0.070785,-0.070785,-0.070785,-0.070785,-0.070785,-0.070785,-0.070785,-0.070785,-0.070785,-0.070785,-0.070785,-0.070785
3,-0.0547,-0.0547,-0.0547,-0.0547,-0.0547,-0.0547,-0.0547,-0.0547,-0.0547,-0.0547,-0.0547,-0.0547,-0.0547,-0.0547
3,-0.064559,-0.064559,-0.064559,-0.064559,-0.064559,-0.064559,-0.064559,-0.064559,-0.064559,-0.064559,-0.064559,-0.064559,-0.064559,-0.064559
3,-0.17189,-0.17189,-0.17189,-0.17189,-0.17189,-0.17189,-0.17189,-0.17189,-0.17189,-0.17189,-0.17189,-0.17189,-0.17189,-0.17189
3,-0.18057,-0.18057,-0.18057,-0.18057,-0.18057,-0.18057,-0.18057,-0.18057,-0.18057,-0.18057,-0.18057,-0.18057,-0.18057,-0.18057
3,-0.14287,-0.14287,-0.14287,-0.14287,-0.14287,-0.14287,-0.14287,-0.14287,-0.14287,-0.14287,-0.14287,-0.14287,-0.14287,-0.14287
3,-0.1361,-0.1361,-0.1361,-0.1361,-0.1361,-0.1361,-0.1361,-0.1361,-0.1361,-0.1361,-0.1361,-0.1361,-0.1361,-0.1361
3,-0.2006,-0.2006,-0.2006,-0.2006,-0.2006,-0.2006,-0.2006,-0.2006,-0.2006,-0.2006,-0.2006,-0.2006,-0.2006,-0.2006
3,-0.093404,-0.093404,-0.093404,-0.093404,-0.093404,-0.093404,-0.093404,-0.093404,-0.093404,-0.093404,-0.093404,-0.093404,-0.093404,-0.093404
3,-0.051758,-0.051758,-0.051758,-0.051758,-0.051758,-0.051758,-0.051758,-0.051758,-0.051758,-0.051758,-0.051758,-0.051758,-0.051758,-0.051758
3,-0.052671,-0.052671,-0.052671,-0.052671,-0.052671,-0.052671,-0.052671,-0.052671,-0.052671,-0.052671,-0.052671,-0.052671,-0.052671,-0.052671
3,-0.052703,-0.052703,-0.052703,-0.052703,-0.052703,-0.052703,-0.052703,-0.052703,-0.052703,-0.052703,-0.052703,-0.052703,-0.052703,-0.052703
3,-0.050566,-0.050566,-0.050566,-0.050566,-0.050566,-0.050566,-0.050566,-0.050566,-0.050566,-0.050566,-0.050566,-0.050566,-0.050566,-0.050566
3,-0.04194,-0.04194,-0.04194,-0.04194,-0.04194,-0.04194,-0.04194,-0.04194,-0.04194,-0.04194,-0.04194,-0.04194,-0.04194,-0.04194
3,-0.052719,-0.052719,-0.052719,-0.052719,-0.052719,-0.052719,-0.052719,-0.052719,-0.052719,-0.052719,-0.052719,-0.052719,-0.052719,-0.052719
3,-0.041067,-0.041067,-0.041067,-0.041067,-0.041067,-0.041067,-0.041067,-0.041067,-0.041067,-0.041067,-0.041067,-0.041067,-0.041067,-0.041067
3,-0.042999,-0.042999,-0.042999,-0.042999,-0.042999,-0.042999,-0.042999,-0.042999,-0.042999,-0.042999,-0.042999,-0.042999,-0.042999,-0.042999
3,-0.051128,-0.051128,-0.051128,-0.051128,-0.051128,-0.051128,-0.051128,-0.051128,-0.051128,-0.051128,-0.051128,-0.051128,-0.051128,-0.051128
3,-0.089263,-0.089263,-0.089263,-0.089263,-0.089263,-0.089263,-0.089263,-0.089263,-0.089263,-0.089263,-0.089263,-0.089263,-0.089263,-0.089263
3,-0.070426,-0.070426,-0.070426,-0.070426,-0.070426,-0.070426,-0.070426,-0.070426,-0.070426,-0.070426,-0.070426,-0.070426,-0.070426,-0.070426
3,-0.058735,-0.058735,-0.058735,-0.058735,-0.058735,-0.058735,-0.058735,-0.058735,-0.058735,-0.058735,-0.058735,-0.058735,-0.058735,-0.058735
3,-0.072608,-0.072608,-0.072608,-0.072608,-0.072608,-0.072608,-0.072608,-0.072608,-0.072608,-0.072608,-0.072608,-0.072608,-0.072608,-0.072608
3,-0.074374,-0.074374,-0.074374,-0.074374,-0.074374,-0.074374,-0.074374,-0.074374,-0.074374,-0.074374,-0.074374,-0.074374,-0.074374,-0.074374
3,-0.091581,-0.091581,-0.091581,-0.091581,-0.091581,-0.091581,-0.091581,-0.091581,-0.091581,-0.091581,-0.091581,-0.091581,-0.091581,-0.091581
3,-0.091305,-0.091305,-0.091305,-0.091305,-0.091305,-0.091305,-0.091305,-0.091305,-0.091305,-0.091305,-0.091305,-0.091305,-0.091305,-0.091305
3,-0.052292,-0.052292,-0.052292,-0.052292,-0.052292,-0.052292,-0.052292,-0.052292,-0.052292,-0.052292,-0.052292,21.529,15.923,0.041133
3,-0.12298,-0.12298,-0.12298,-0.12298,-0.12298,-0.12298,-0.12298,-0.12298,-0.12298,-0.12298,-0.12298,-0.12298,-0.12298,-0.12298
3,-0.11853,-0.11853,-0.11853,-0.11853,-0.11853,-0.11853,-0.11853,-0.11853,-0.11853,-0.11853,-0.11853,-0.11853,-0.11853,-0.11853
3,-0.047351,-0.047351,-0.047351,-0.047351,-0.047351,-0.047351,-0.047351,-0.047351,-0.047351,-0.047351,-0.047351,-0.047351,-0.047351,-0.047351
3,-0.066256,-0.066256,-0.066256,-0.066256,-0.066256,-0.066256,-0.066256,-0.066256,-0.066256,-0.066256,-0.066256,-0.066256,-0.066256,-0.066256
3,-0.037475,-0.037475,-0.037475,-0.037475,-0.037475,-0.037475,-0.037475,-0.037475,-0.037475,-0.037475,-0.037475,-0.037475,-0.037475,-0.037475
3,-0.052822,-0.052822,-0.052822,-0.052822,-0.052822,-0.052822,-0.052822,-0.052822,-0.052822,-0.052822,-0.052822,-0.052822,-0.052822,-0.052822
3,-0.069244,-0.069244,-0.069244,-0.069244,-0.069244,-0.069244,-0.069244,-0.069244,-0.069244,-0.069244,-0.069244,-0.069244,-0.069244,-0.069244
3,-0.079506,-0.079506,-0.079506,-0.079506,-0.079506,-0.079506,-0.079506,-0.079506,-0.079506,-0.079506,-0.079506,-0.079506,-0.079506,-0.079506
3,-0.08214,-0.08214,-0.08214,-0.08214,-0.08214,-0.08214,-0.08214,-0.08214,-0.08214,-0.08214,-0.08214,-0.08214,-0.08214,-0.08214
3,-0.083283,-0.083283,-0.083283,-0.083283,-0.083283,-0.083283,-0.083283,-0.083283,-0.083283,-0.083283,-0.083283,-0.083283,-0.083283,-0.083283
3,-0.093672,-0.093672,-0.093672,-0.093672,-0.093672,-0.093672,-0.093672,-0.093672,-0.093672,-0.093672,-0.093672,-0.093672,-0.093672,-0.093672
3,-0.11479,-0.11479,-0.11479,-0.11479,-0.11479,-0.11479,-0.11479,-0.11479,-0.11479,-0.11479,-0.11479,-0.11479,-0.11479,-0.11479
3,-0.071905,-0.071905,-0.071905,-0.071905,-0.071905,-0.071905,-0.071905,-0.071905,-0.071905,-0.071905,-0.071905,-0.071905,-0.071905,-0.071905
3,-0.051141,-0.051141,-0.051141,-0.051141,-0.051141,-0.051141,-0.051141,-0.051141,-0.051141,-0.051141,-0.051141,-0.051141,-0.051141,-0.051141
3,-0.051184,-0.051184,-0.051184,-0.051184,-0.051184,-0.051184,-0.051184,-0.051184,-0.051184,-0.051184,-0.051184,-0.051184,-0.051184,-0.051184
3,-0.089398,-0.089398,-0.089398,-0.089398,-0.089398,-0.089398,-0.089398,-0.089398,-0.089398,-0.089398,-0.089398,-0.089398,-0.089398,-0.089398
3,-0.073248,-0.073248,-0.073248,-0.073248,-0.073248,-0.073248,-0.073248,-0.073248,-0.073248,-0.073248,-0.073248,-0.073248,-0.073248,-0.073248
3,-0.071079,-0.071079,-0.071079,-0.071079,-0.071079,-0.071079,-0.071079,-0.071079,-0.071079,-0.071079,-0.071079,-0.071079,-0.071079,-0.071079
3,-0.039281,-0.039281,-0.039281,-0.039281,-0.039281,-0.039281,-0.039281,-0.039281,-0.039281,-0.039281,-0.039281,-0.039281,-0.039281,-0.039281
3,-0.044216,-0.044216,-0.044216,-0.044216,-0.044216,-0.044216,-0.044216,-0.044216,-0.044216,-0.044216,-0.044216,-0.044216,-0.044216,-0.044216
3,-0.037707,-0.037707,-0.037707,-0.037707,-0.037707,-0.037707,-0.037707,-0.037707,-0.037707,-0.037707,-0.037707,-0.037707,-0.037707,-0.037707
3,-0.042638,-0.042638,-0.042638,-0.042638,-0.042638,-0.042638,-0.042638,-0.042638,-0.042638,-0.042638,-0.042638,-0.042638,-0.042638,-0.042638
3,-0.048827,-0.048827,-0.048827,-0.048827,-0.048827,-0.048827,-0.048827,-0.048827,-0.048827,-0.048827,-0.048827,-0.048827,-0.048827,-0.048827
3,-0.045393,-0.045393,-0.045393,-0.045393,-0.045393,-0.045393,-0.045393,-0.045393,-0.045393,-0.045393,-0.045393,-0.045393,-0.045393,-0.045393
3,-0.051771,-0.051771,-0.051771,-0.051771,-0.051771,-0.051771,-0.051771,-0.051771,-0.051771,-0.051771,-0.051771,-0.051771,-0.051771,-0.051771
3,-0.086745,-0.086745,-0.086745,-0.086745,-0.086745,-0.086745,-0.086745,-0.086745,-0.086745,-0.086745,-0.086745,-0.086745,-0.086745,-0.086745
3,-0.081083,-0.081083,-0.081083,-0.081083,-0.081083,-0.081083,-0.081083,-0.081083,-0.081083,-0.081083,-0.081083,-0.081083,-0.081083,-0.081083
3,-0.062853,-0.062853,-0.062853,-0.062853,-0.062853,-0.062853,-0.062853,-0.062853,-0.062853,-0.062853,-0.062853,-0.062853,-0.062853,-0.062853
3,-0.071579,-0.071579,-0.071579,-0.071579,-0.071579,-0.071579,-0.071579,-0.071579,-0.071579,-0.071579,-0.071579,-0.071579,-0.071579,-0.071579
3,-0.074726,-0.074726,-0.074726,-0.074726,-0.074726,-0.074726,-0.074726,-0.074726,-0.074726,-0.074726,-0.074726,-0.074726,-0.074726,-0.074726
3,-0.052559,-0.052559,-0.052559,-0.052559,-0.052559,-0.052559,-0.052559,-0.052559,-0.052559,-0.052559,-0.052559,-0.052559,-0.052559,-0.052559
3,-0.050566,-0.050566,-0.050566,-0.050566,-0.050566,-0.050566,-0.050566,-0.050566,-0.050566,-0.050566,-0.050566,-0.050566,-0.050566,-0.050566
3,-0.064025,-0.064025,-0.064025,-0.064025,-0.064025,-0.064025,-0.064025,-0.064025,-0.064025,-0.064025,-0.064025,-0.064025,-0.064025,-0.064025
3,-0.047325,-0.047325,-0.047325,-0.047325,-0.047325,-0.047325,-0.047325,-0.047325,-0.047325,-0.047325,-0.047325,-0.047325,-0.047325,-0.047325
3,-0.053133,-0.053133,-0.053133,-0.053133,-0.053133,-0.053133,-0.053133,-0.053133,-0.053133,-0.053133,-0.053133,-0.053133,-0.053133,-0.053133
3,-0.046553,-0.046553,-0.046553,-0.046553,-0.046553,-0.046553,-0.046553,-0.046553,-0.046553,-0.046553,-0.046553,-0.046553,-0.046553,-0.046553
3,-0.048128,-0.048128,-0.048128,-0.048128,-0.048128,-0.048128,-0.048128,-0.048128,-0.048128,-0.048128,-0.048128,-0.048128,-0.048128,-0.048128
3,-0.048013,-0.048013,-0.048013,-0.048013,-0.048013,-0.048013,-0.048013,-0.048013,-0.048013,-0.048013,-0.048013,-0.048013,-0.048013,-0.048013
3,-0.05559,-0.05559,-0.05559,-0.05559,-0.05559,-0.05559,-0.05559,-0.05559,-0.05559,-0.05559,-0.05559,-0.05559,-0.05559,-0.05559
3,-0.052276,-0.052276,-0.052276,-0.052276,-0.052276,-0.052276,-0.052276,-0.052276,-0.052276,-0.052276,-0.052276,-0.052276,-0.052276,-0.052276
3,-0.049874,-0.049874,-0.049874,-0.049874,-0.049874,-0.049874,-0.049874,-0.049874,-0.049874,-0.049874,-0.049874,-0.049874,-0.049874,-0.049874
3,-0.042899,-0.042899,-0.042899,-0.042899,-0.042899,-0.042899,-0.042899,-0.042899,-0.042899,-0.042899,-0.042899,-0.042899,-0.042899,-0.042899
3,-0.070391,-0.070391,-0.070391,-0.070391,-0.070391,-0.070391,-0.070391,-0.070391,-0.070391,-0.070391,-0.070391,-0.070391,-0.070391,-0.070391
3,-0.071984,-0.071984,-0.071984,-0.071984,-0.071984,-0.071984,-0.071984,-0.071984,-0.071984,-0.071984,-0.071984,-0.071984,-0.071984,-0.071984
3,-0.084893,-0.084893,-0.084893,-0.084893,-0.084893,-0.084893,-0.084893,-0.084893,-0.084893,-0.084893,-0.084893,-0.084893,-0.084893,-0.084893
3,-0.11808,-0.11808,-0.11808,-0.11808,-0.11808,-0.11808,-0.11808,-0.11808,-0.11808,-0.11808,-0.11808,-0.11808,-0.11808,-0.11808
3,-0.069397,-0.069397,-0.069397,-0.069397,-0.069397,-0.069397,-0.069397,-0.069397,-0.069397,-0.069397,-0.069397,-0.069397,-0.069397,-0.069397
3,-0.086769,-0.086769,-0.086769,-0.086769,-0.086769,-0.086769,-0.086769,-0.086769,-0.086769,-0.086769,-0.086769,-0.086769,-0.086769,-0.086769
3,-0.047937,-0.047937,-0.047937,-0.047937,-0.047937,-0.047937,-0.047937,-0.047937,-0.047937,-0.047937,-0.047937,-0.047937,-0.047937,-0.047937
3,-0.051075,-0.051075,-0.051075,-0.051075,-0.051075,-0.051075,-0.051075,-0.051075,-0.051075,-0.051075,-0.051075,-0.051075,-0.051075,-0.051075
3,-0.047937,-0.047937,-0.047937,-0.047937,-0.047937,-0.047937,-0.047937,-0.047937,-0.047937,-0.047937,-0.047937,-0.047937,-0.047937,-0.047937
3,-0.053276,-0.053276,-0.053276,-0.053276,-0.053276,-0.053276,-0.053276,-0.053276,-0.053276,-0.053276,-0.053276,-0.053276,-0.053276,-0.053276
