1,0.22264,-0.13749,-0.41863,-0.83111,-0.80789,-1.6195,-1.693,-1.4799,-0.88502,0.25243,1.317,1.5119,1.1634
1,0.27941,1.5661,1.026,-0.39826,-0.71348,0.49466,1.7745,1.9976,1.5567,1.1054,0.41395,-1.6395,-3.4985
1,0.49943,0.73706,0.67567,0.72202,0.64506,0.60382,0.67727,0.73195,0.87683,1.1232,1.1626,1.157,1.2239
1,0.76605,0.58956,0.34116,0.60999,1.3447,0.61566,-0.56309,-2.4689,-5.3375,-3.7189,-2.5913,-1.6218,-2.1716
2,0.19038,0.90285,0.81198,0.090745,-0.79439,-1.4624,-1.6123,-1.6261,-1.8476,-1.599,-0.98022,-0.78799,-0.77388
2,0.55627,0.52528,-0.96036,0.91376,0.91474,0.21171,-0.42123,-1.2136,-1.0364,-0.496,-0.93785,-2.1336,-0.48609
2,0.42528,0.99661,0.7087,-0.40652,-1.2288,-1.0121,-0.4278,0.54723,1.1389,1.1664,0.85679,0.8216,1.0553
2,0.43662,1.7985,1.9404,1.228,-0.74846,-2.052,-1.9419,-0.95431,0.66659,2.0675,2.966,3.0478,1.6295
2,0.17575,0.88369,1.4529,1.9306,2.1378,2.0931,2.0437,1.9632,1.7458,1.4247,0.96722,0.43134,-0.0072234
3,0.062426,0.22505,0.30117,0.28294,0.22039,0.15395,0.11169,0.16551,0.23324,0.29678,0.31022,0.3059,0.34064
3,3.1109,3.1028,2.1542,1.9913,1.8453,1.3506,1.1628,1.1491,1.1062,1.2654,1.5626,1.887,2.3122
3,1.0364,1.1892,1.1153,1.0248,0.93896,0.97565,1.1324,1.3111,1.4502,1.6246,1.7689,1.6891,1.4478
3,0.66804,0.51853,-0.47877,-0.37996,-0.52776,0.19861,-0.32116,-0.35309,-0.8643,-0.71412,-1.5654,-1.2092,-1.1724
3,1.4852,1.4426,1.1861,1.3667,1.3483,1.2853,1.0623,0.99598,0.91106,0.73455,0.67883,0.69363,0.39349
3,0.63627,0.60896,0.32204,0.1242,-0.10458,-0.40655,-0.63739,-0.82368,-1.0083,-1.138,-1.2056,-1.21,-1.1206
3,1.488,1.7369,0.87918,1.4404,0.69143,0.39709,0.44987,0.21863,0.091049,0.22357,0.57571,0.092501,0.83288
3,0.13042,-0.61421,-1.0566,-1.2089,-1.1767,-0.95231,-0.69113,-0.18255,0.62506,0.43503,0.94656,1.2335,0.5394
3,0.29723,0.27338,0.15858,0.13126,0.099735,0.017745,-0.037368,-0.065057,-0.084689,-0.08624,-0.097394,-0.14201,-0.20778
3,1.0001,1.0882,0.93347,1.0383,1.121,1.0184,0.91634,0.82688,0.7776,0.88269,1.067,1.1841,1.1813
3,0.11647,0.30155,0.45879,0.55719,0.59451,0.57127,0.5156,0.4532,0.38912,0.31714,0.23626,0.147,0.04946
3,0.24537,-0.0069541,-0.56671,-0.72929,-0.4367,-0.1971,-0.27441,-0.43147,-0.34261,0.0072079,0.43909,0.95435,1.529
3,0.10718,-0.46987,-1.0835,-0.81905,0.064307,0.49622,1.0555,2.0245,2.3649,1.77,0.29766,-1.4967,-1.6011
3,0.044425,0.09892,0.099796,0.024037,-0.086157,-0.18527,-0.24175,-0.22135,-0.11388,0.045931,0.19753,0.28261,0.27285
3,0.29996,0.56246,0.30128,0.00015115,-0.040592,0.24152,0.69133,0.9128,1.0085,1.0115,0.87525,0.78642,0.7264
3,0.031514,-0.020589,0.02912,0.0043528,-0.0040253,-0.0045113,-0.029504,0.019189,0.00030031,0.032682,0.031797,0.0082301,-0.0064876
3,0.3691,0.46983,0.48198,0.54367,0.58687,0.58455,0.60175,0.63756,0.68106,0.74705,0.81459,0.85366,0.85965
3,0.49551,0.59819,0.19867,0.049014,-0.20343,-0.8966,-1.7752,-1.8724,-1.7545,-2.2488,-2.2729,-2.2281,-2.502
3,0.096722,0.030523,-0.10018,-0.059388,0.12402,0.28765,0.33144,0.18404,-0.1587,-0.39648,-0.22809,0.1388,0.28025
3,0.089728,0.13888,0.17884,0.22357,0.23193,0.22015,0.19951,0.19232,0.2001,0.21161,0.22823,0.24351,0.24321
3,0.86909,1.7998,1.7446,0.7626,1.143,2.1191,1.1083,0.44992,1.4607,1.3319,-0.26752,0.24114,1.2259
3,0.13437,0.35072,0.64818,1.0578,1.1882,1.0603,1.0243,1.2321,1.3342,1.4623,1.7861,1.8784,1.893
3,2.9862,2.976,2.5568,2.6551,2.2404,2.1621,1.9057,1.7103,1.4763,1.2613,1.0919,0.85902,0.59604
3,0.06166,0.37595,0.50841,0.40483,0.35242,0.29698,0.2116,0.20782,0.17511,0.076568,0.014947,0.016398,0.16323
4,0.032644,-0.16171,-0.31802,-0.43848,-0.68106,-0.83101,-0.87821,-0.89903,-0.85587,-0.80399,-0.7614,-0.63394,-0.44434
4,0.91201,1.7829,0.27656,-0.19374,-0.42648,-0.079948,-0.75743,-0.48339,-1.0795,-2.1998,-0.94652,-0.63569,0.053304
4,0.81907,1.3201,1.003,0.61053,-0.37907,-1.4394,-2.5109,-3.2286,-3.4922,-3.244,-2.7952,-2.2027,-1.6467
5,0.10011,0.64001,1.0821,0.69391,1.3062,1.5762,1.6342,0.93079,0.72005,0.85653,0.50389,0.51705,-0.3043
6,0.47002,1.6112,0.55369,-0.61633,-2.0491,-2.798,-1.7387,-0.19087,1.922,2.6315,2.5909,1.9619,1.1587
6,0.7446,1.014,0.96003,1.0786,-0.026531,-1.0503,0.44081,1.9926,1.2798,0.31246,1.3029,1.9452,0.92994
6,0.30042,0.39741,0.41573,0.18381,0.078544,0.29785,0.28679,0.29463,0.10907,0.18001,0.25551,0.42236,0.36141
7,0.24492,0.092307,-0.54315,-0.95173,-1.4681,-1.711,-1.6149,-1.2144,-1.2968,-1.8339,-1.841,-1.5435,-1.1304
7,1.9842,2.395,2.0988,2.1028,1.939,1.7375,1.4417,1.2609,1.1247,0.92676,0.71129,0.57066,0.3848
7,1.0646,1.2773,1.2548,1.4511,1.6269,1.7165,1.6449,1.5814,1.5825,1.6152,1.5894,1.4929,1.4132
7,1.3295,2.2778,2.0282,2.5388,2.9321,3.3641,3.3481,3.2324,3.3357,3.2458,3.1436,3.0122,2.7407
7,0.072805,0.12191,0.16697,0.22487,0.27858,0.32775,0.36554,0.40943,0.45971,0.49954,0.52823,0.56206,0.60647
8,0.63073,-1.1727,0.47885,2.647,-0.31972,-1.4364,0.091202,0.054919,-1.6015,-0.8264,1.4518,0.34836,-0.0044779
9,0.086094,0.209,0.29264,0.37411,0.43787,0.49306,0.53001,0.56057,0.57493,0.58447,0.57493,0.56078,0.54031
9,0.037703,0.10038,0.15278,0.20819,0.25984,0.30962,0.36132,0.41701,0.46914,0.52002,0.56841,0.61248,0.65891
9,1.3175,1.7712,1.6566,2.2395,2.4028,2.1789,2.0322,2.1636,2.0004,1.5113,1.0311,0.60742,0.40263
9,0.057803,0.11105,0.15441,0.19743,0.23679,0.27197,0.30964,0.34568,0.37294,0.39464,0.41058,0.41805,0.42293
9,0.030734,0.071268,0.10336,0.14757,0.18208,0.22591,0.26524,0.31549,0.35913,0.39397,0.41915,0.44217,0.45551
9,0.19413,0.47781,0.99686,1.8131,2.5118,2.7216,2.8608,2.72,2.8097,2.4337,1.7254,1.4046,1.3396
9,0.072818,0.17994,0.25462,0.33221,0.39309,0.44773,0.48652,0.51106,0.528,0.53202,0.52849,0.50919,0.48476
9,0.5774,0.68398,0.64133,0.62494,0.54165,0.54597,0.50666,0.54903,0.57971,0.60892,0.57387,0.54773,0.49047
10,0.1537,0.37085,0.31621,0.42172,0.46421,0.73345,1.1739,1.4856,1.701,1.4752,1.2858,1.2584,1.4445
11,0.13852,0.51173,0.88013,1.1645,1.2956,1.2805,1.1148,0.89652,0.83681,0.9929,1.2475,1.438,1.4453
11,0.73554,0.41345,0.046983,0.10028,-0.39847,-0.86033,-0.51361,-0.115,-0.63079,-1.3484,-1.5751,-1.8479,-2.378
11,1.344,1.4683,1.2805,1.4344,1.4205,1.3421,1.2564,1.1116,1.0891,1.0268,1.0915,1.3089,1.2342
11,0.69975,1.0604,0.89765,0.64871,0.79833,0.95366,0.90334,0.83581,0.65961,0.58717,0.56156,0.48263,0.48171
11,0.059924,0.10714,0.080586,-0.0060268,0.1738,0.28775,-0.0091481,0.053438,0.34913,0.35167,0.63744,1.1613,1.3107
11,0.46227,1.4659,2.4383,2.7718,2.3524,1.7125,1.1659,0.75347,0.33737,-0.018646,0.00058062,0.3369,0.64827
11,1.6384,2.3718,2.1888,1.9989,1.2728,0.99264,0.78836,-0.13106,-1.17,-1.0395,-0.42168,-0.60127,-0.67385
12,0.21088,0.72805,1.0156,1.974,1.6576,-0.45995,-0.11878,-0.095343,-2.4027,-2.2447,-1.1624,-1.5792,-0.82527
12,0.04377,-0.081857,-0.05696,-0.11092,0.16669,-0.10124,0.58158,0.07886,0.29783,0.12887,0.1327,0.27636,-0.16468
12,0.69568,1.2185,-1.3412,-1.3675,0.31283,-2.0129,-1.8945,-2.1431,-3.1525,-2.1779,-2.5407,-1.6017,-2.3394
12,0.20299,0.13265,-0.37862,-0.096199,0.040613,0.11534,-0.41412,0.32838,-0.12296,-0.040423,-0.094105,0.092025,0.15733
12,0.12934,0.29039,-0.12055,-0.52248,-0.65872,-0.2983,0.74307,1.7738,1.8085,1.0413,0.18333,0.22526,0.79262
12,0.33504,0.29086,0.62915,0.078889,-0.012048,-0.72988,-0.0078571,0.10329,0.068875,0.072359,0.45205,-0.14095,0.40349
12,1.562,2.5261,2.5862,2.4489,2.3131,2.9164,2.6626,2.5355,1.4976,1.2819,1.589,1.9675,2.0187
13,0.58474,0.68522,0.12677,0.13414,0.45683,-0.59179,-0.42846,-0.077945,-0.28811,-0.00036098,0.24575,0.99655,1.0331
13,0.094798,0.30917,0.53144,0.717,0.90854,1.0781,1.1405,1.0729,0.96305,0.86298,0.73036,0.55053,0.39504
13,1.4178,2.4824,2.1869,1.9029,1.3025,0.82971,-0.78765,-1.2318,-0.89816,-1.4654,-1.7368,-1.6148,-0.65575
13,0.28299,0.48274,0.45857,0.45815,0.49059,0.53534,0.49407,0.34538,0.22369,0.27078,0.26873,0.062529,-0.18921
14,0.86265,0.95245,1.4972,0.97275,0.81005,0.2459,0.17934,0.85705,-0.54894,-0.9725,-0.28786,-1.538,-1.8805
14,0.34405,0.035689,0.27947,0.28868,0.78769,0.69326,0.91796,1.0442,1.6156,1.283,1.3798,1.8699,1.5459
14,0.036416,-0.010824,0.0043504,-0.01472,0.017821,-0.030213,0.023859,-0.022469,0.024527,-0.013821,-0.022377,0.01829,-0.023191
14,0.59087,1.9231,-0.91967,-4.5367,-2.6746,3.951,3.2568,0.031312,-0.36731,3.2581,3.4558,-1.4779,0.2722
15,0.13813,0.18792,-0.17791,-0.3983,-1.0859,-0.41213,-0.085433,-1.2482,-1.0564,-0.47893,-0.1862,0.18398,-0.47642
15,0.037325,0.22936,0.42342,0.66426,0.8785,1.007,1.0991,1.1905,1.2108,1.2288,1.3102,1.3645,1.3995
15,1.168,1.1592,0.98778,1.0315,0.89627,0.89833,0.82745,0.78559,0.72475,0.65222,0.59116,0.528,0.46587
16,1.8111,1.9777,0.86193,1.5423,2.0754,1.2057,1.0144,1.3579,1.1212,0.65981,0.72363,-0.27532,-0.73905
16,0.13565,0.14233,0.13964,0.1412,0.14024,0.14085,0.14044,0.14068,0.14053,0.14059,0.14055,0.14052,0.1405
17,0.042357,0.057932,0.041411,0.061992,0.086031,0.089361,0.07422,0.068028,0.1388,0.23049,0.21314,0.12533,0.11324
17,0.018099,-0.13783,0.024586,-0.10686,0.25086,0.15637,0.083792,0.31323,0.201,0.7545,1.11,1.5764,1.8024
17,0.41877,1.1235,1.705,2.9243,2.9968,2.7062,3.5918,3.1772,2.5422,2.2698,1.5514,0.75255,0.063456
17,0.12454,0.19446,0.18827,0.10724,-0.023433,-0.14846,-0.20251,-0.15451,-0.01448,0.18544,0.40721,0.61454,0.77719
17,0.62944,0.55595,0.15487,0.45682,0.91015,0.94317,0.7417,0.55353,0.55763,0.42589,0.22844,0.23473,0.28672
17,0.11481,0.16491,0.012466,-0.0083036,0.0082581,0.045661,0.12871,0.13083,-0.005286,-0.0070533,0.12102,0.14001,0.052245
17,0.3171,0.3924,0.82344,0.30432,-0.50403,-0.54235,-0.47442,-0.49009,-0.23757,-0.2258,-0.55296,-0.59494,-0.49865
17,0.039613,0.02836,-0.0079984,-0.004989,0.040537,0.065291,0.050008,0.0027206,-0.038838,-0.016319,0.039008,0.040373,-0.033734
17,0.47437,0.67222,0.97141,1.0812,1.1198,1.0216,0.93645,1.0619,1.0752,1.2656,1.4023,1.3789,1.2642
17,0.049448,0.05384,0.059005,0.12516,0.14264,0.12157,0.12113,0.10452,0.10364,0.12614,0.098262,0.071968,0.057165
17,0.059821,0.11956,0.14327,0.19092,0.19317,0.37595,0.4172,0.54522,0.52714,0.51481,0.51111,0.50815,0.5935
18,1.7333,2.6989,2.0154,1.5854,1.2347,0.62,-0.28943,-0.82192,-1.624,-1.9732,-2.2088,-1.8812,-1.3544
18,0.44717,0.74145,1.1776,2.0411,2.0595,2.18,2.1116,1.7127,1.3055,0.73604,0.59275,0.14061,-0.13971
18,0.091212,0.28136,0.28069,0.18318,0.11856,0.12904,0.15061,0.17082,0.23674,0.39942,0.64831,0.8934,1.0299
18,0.23566,0.52326,0.28931,0.25222,0.18407,-0.087968,-0.059744,-0.23326,-0.31067,-0.27927,-0.23445,-0.12346,0.054255
18,0.93303,1.5676,1.0215,1.3217,1.1437,0.95736,1.2653,1.1361,0.98694,0.81442,0.9884,0.55457,0.53914
18,0.65969,1.2521,0.37402,0.36499,-0.32185,-3.3954,-3.0436,-4.294,-5.8933,-4.6262,-4.6539,-4.4349,-1.8488
18,0.094728,-0.049802,0.0074737,0.058565,-0.058735,-0.084547,-0.011335,0.035934,-0.0037848,0.021294,0.015543,-0.039295,0.019788
18,0.072638,0.27313,0.40884,0.46536,0.52242,0.67251,0.96843,1.1978,1.2566,1.2045,1.2023,1.3732,1.5466
19,0.19263,0.33779,0.39661,0.46443,0.51555,0.59451,0.64629,0.71471,0.775,0.82724,0.86989,0.92085,0.95753
19,0.04623,0.14146,0.20154,0.2566,0.31262,0.36222,0.39656,0.42861,0.45959,0.4762,0.50147,0.51743,0.5253
20,0.10815,0.083401,0.12868,0.16344,-0.021874,-0.20942,-0.2398,-0.12206,0.11524,0.34382,0.29716,-0.10029,-0.32949
20,0.21877,0.02637,-1.6492,-0.94577,0.75655,-0.58197,0.96932,4.4734,5.4731,5.8912,5.9009,3.6028,3.3274
20,0.14828,0.30577,0.36552,0.28043,0.12503,-0.036216,-0.18623,-0.28275,-0.26592,-0.12864,0.053915,0.17226,0.17805
20,0.040623,0.048553,0.047018,0.047572,0.049488,0.044532,0.045128,0.046157,0.043524,0.049101,0.045818,0.043597,0.049499
20,0.29758,0.45575,0.46769,0.43441,0.33209,0.28607,0.32234,0.38368,0.50799,0.49364,0.48661,0.41252,0.39796
20,0.089722,0.20369,0.22372,0.26951,0.20029,0.10872,0.064678,-0.030283,0.070749,0.13659,0.085557,0.19426,0.23402
20,1.2789,-0.99122,-2.4294,-3.8673,-5.7362,-4.0832,-3.9994,-0.15982,0.18732,0.90052,0.13062,-2.0361,-2.0826
20,1.4179,0.96249,0.02242,0.97176,0.7437,-0.42256,-0.9969,-1.0129,-0.2134,0.018588,-0.24767,-0.57758,-0.25183
20,0.48233,1.056,1.2421,1.4097,1.1943,0.92598,0.55691,-0.079055,-0.60836,-1.0222,-1.4154,-1.5414,-1.5329
20,0.11282,0.21706,0.0021326,-0.3168,-0.50613,-0.60549,-0.53385,-0.14546,0.47458,0.78758,0.69235,0.64477,0.57165
21,0.037474,-0.16577,-0.012202,0.25721,-0.070864,0.32921,0.23695,0.063098,0.47659,0.18541,0.18886,0.3371,-0.031725
21,0.048016,0.043394,0.028622,0.0417,0.071624,0.10076,0.12771,0.14668,0.15509,0.16171,0.17263,0.18636,0.20313
21,0.38151,0.42503,0.39244,0.3199,0.38554,0.46515,0.42145,0.44962,0.57018,0.65817,0.68635,0.59879,0.46692
21,-0.2233,2.3682,-2.8338,-4.4387,-2.7955,-8.5487,-7.969,-4.1573,-5.7752,-0.76995,3.6179,2.4005,4.5976
21,0.28695,0.13802,0.021223,0.032018,-0.043639,-0.13732,-0.25473,-0.40463,-0.41992,-0.36699,-0.40689,-0.51316,-0.58003
21,0.051137,0.18591,0.24383,0.31366,0.3317,0.36717,0.39897,0.44561,0.47504,0.49058,0.46656,0.40441,0.331
21,0.045447,0.1053,0.14188,0.19263,0.22939,0.28256,0.33901,0.38911,0.44113,0.46146,0.47944,0.45723,0.41781
21,1.1778,1.5725,1.3838,1.3852,1.0786,0.42172,-0.25494,-0.36847,-0.5968,-1.3812,-1.9513,-1.8271,-1.9006
21,0.070792,0.37837,0.7103,0.82748,0.90083,1.0711,1.136,1.0531,1.0961,1.2371,1.228,1.1057,1.0965
21,0.041046,0.079934,0.086741,0.087101,0.087791,0.07828,0.080006,0.070844,0.066474,0.037337,0.007528,-0.052503,-0.10799
21,0.07353,0.21831,0.1767,0.032731,0.15974,0.29819,0.18888,0.050934,0.049394,0.09394,-0.086284,-0.22258,-0.19243
21,0.10824,0.30318,0.49931,0.64486,0.76375,0.87075,0.94801,0.98861,0.99881,0.97959,0.93023,0.84499,0.71153
21,0.32723,0.4511,0.94362,1.0082,1.2568,1.5437,1.248,1.896,1.6711,2.0797,2.1428,2.2132,2.0283
22,0.040895,0.1436,0.24837,0.33841,0.42399,0.55192,0.67905,0.78629,0.82241,0.9249,0.99913,1.0257,1.0267
22,1.5514,1.7115,1.7659,1.8635,1.8999,1.8907,1.8774,1.8976,1.9012,1.8933,1.8242,1.7051,1.5461
22,0.08109,-0.085419,-0.58149,0.29367,1.4468,2.1483,2.5682,3.2331,3.813,2.8551,1.9203,2.5221,3.0349
22,0.081845,-0.08357,0.20279,1.0658,1.1243,0.28328,-0.71061,-1.3144,-1.558,-1.5273,-1.1616,-0.71765,-0.40099
22,0.085836,0.36317,0.61996,1.0201,1.2059,1.2898,1.3504,1.4147,1.4002,1.3021,1.332,1.3769,1.3312
22,0.035306,0.084458,0.11305,0.14749,0.1758,0.20863,0.23718,0.25642,0.26408,0.2685,0.2694,0.25686,0.23649
22,0.28168,0.45744,0.40082,0.4229,0.31194,0.24423,0.2705,0.36074,0.42238,0.46636,0.56142,0.6691,0.71978
23,0.28645,0.70123,2.0788,2.4689,3.1954,2.4149,2.6631,1.92,1.959,1.1429,0.39906,-0.063624,-0.94418
23,0.0061429,0.055528,0.11999,0.20487,0.30104,0.39598,0.48191,0.55665,0.61824,0.67075,0.72306,0.77824,0.83897
23,0.097446,0.27946,0.41051,0.53971,0.69998,0.86039,0.95446,0.99251,1.0075,1.0157,1.0519,1.1141,1.1505
23,0.38679,-0.11581,-3.2444,-4.8469,-3.3726,-3.4033,-2.5003,-0.12398,0.88636,1.2733,2.5375,3.3467,2.6306
23,0.89647,1.1111,0.98127,0.98224,0.92043,0.91176,0.83031,0.71777,0.61157,0.5623,0.52876,0.48724,0.4508
23,0.1279,0.66106,0.54031,-0.25825,-0.28833,-1.9258,-4.5888,-6.1813,-5.975,-5.6881,-5.3659,-6.6954,-5.4569
23,0.017041,0.17141,0.31601,0.4116,0.52397,0.66733,0.75648,0.73702,0.65577,0.60131,0.61542,0.64024,0.56774
23,0.086329,0.16908,0.24019,0.3076,0.36435,0.42759,0.49752,0.55405,0.64397,0.68136,0.71127,0.76356,0.82873
23,0.13743,0.44902,0.78841,0.94744,0.97227,1.1981,1.5608,1.6977,1.5762,1.3557,1.1719,1.2284,1.2142
23,0.059515,0.11926,0.1612,0.21517,0.26477,0.2952,0.33108,0.38088,0.4287,0.47292,0.51097,0.55321,0.59083
23,0.55574,0.67967,0.84912,0.77861,1.4631,0.67347,-0.060579,-0.050567,0.21831,-0.011314,0.54486,1.1737,0.71822
23,1.4438,1.7116,1.3546,1.098,0.99206,0.82636,0.71974,0.3632,-0.029412,-0.0022975,-0.20232,-0.24403,-0.211
23,1.4331,1.9029,1.3308,2.5116,3.1783,2.8494,2.0047,1.4451,1.1813,1.2713,1.4504,1.126,0.66209
23,0.050119,0.27569,0.4674,0.72066,0.85699,1.1075,1.2954,1.1079,1.0769,1.1398,1.0192,1.0527,1.2324
23,0.78749,2.1458,2.7419,2.9029,2.102,0.17922,-0.31802,-0.65245,-1.4243,-2.0523,-2.3199,-1.7763,-0.80351
24,0.076692,0.28419,0.45132,0.47118,0.45483,0.50206,0.57571,0.63165,0.64395,0.65854,0.72278,0.83123,0.94548
24,1.6924,1.6805,1.6267,1.7472,1.8209,1.8303,1.7585,1.6692,1.6044,1.5619,1.4388,1.3061,1.3036
25,0.3658,-0.60636,0.10776,2.3459,1.873,2.8635,3.4353,2.9283,2.3629,2.7688,1.9524,1.4097,2.5971
25,0.1498,0.66347,0.84897,0.9257,1.1614,1.6839,2.0808,1.4794,0.78348,0.3982,0.28475,0.071687,-1.2218
25,0.05201,0.094512,0.035077,0.093864,-0.13226,0.10679,0.081477,-0.027727,-0.11742,-0.1454,0.13548,0.010792,-0.20831
26,0.1701,0.80806,1.204,1.3738,1.3029,1.1667,0.90686,0.63813,0.16097,-0.45487,-1.1413,-1.5232,-1.4457
27,0.60125,0.86226,0.90688,1.0159,1.0497,1.0524,0.98572,0.92085,0.81401,0.7095,0.59197,0.47039,0.33159
27,0.035233,0.045073,0.04381,0.017033,-0.0031532,0.015753,0.031677,0.027563,0.020175,0.012918,0.0077564,-0.0095719,-0.034061
27,0.070763,0.11716,0.11572,0.20843,0.22342,0.35907,0.42166,0.59907,0.85563,0.92047,0.86898,0.81587,0.91881
27,0.13806,0.48669,0.82561,1.2517,1.8806,2.191,2.4573,2.7623,2.9388,3.0996,3.3031,3.3661,3.4614
27,0.36479,0.46041,0.32721,0.73467,0.62818,0.56671,-0.030182,-0.052588,-0.11825,-0.17944,-0.37165,-0.2686,0.28622
27,0.13075,0.4318,0.59193,0.41567,0.17263,0.3342,0.97316,1.6257,1.7558,1.2543,0.56471,0.34856,0.84946
28,0.16465,0.39692,0.66376,0.96991,1.1252,1.2642,1.4009,1.3395,1.3488,1.4016,1.3567,1.4504,1.5243
28,0.62421,0.61646,0.23658,-0.11276,-0.29136,0.00028717,0.60299,1.3138,1.894,2.2541,2.2968,1.9209,1.3839
28,0.32856,0.68333,0.18276,-0.70543,-1.3932,-1.4031,-0.79737,0.0754,0.69817,0.74642,0.4539,0.29363,0.40463
28,1.2303,2.5924,1.7461,2.4919,3.1488,2.6743,3.2,2.0748,-3.3861,-5.2824,-4.9468,-6.7872,-3.2294
28,0.11225,0.20868,0.24743,0.24336,0.16958,0.095561,0.043227,-0.01787,-0.039198,-0.019661,0.093857,0.25493,0.39011
28,0.096698,0.23105,0.17248,0.10388,0.23967,0.24292,0.2561,0.38484,0.42253,0.52155,0.73252,0.88198,0.95249
28,0.22854,0.22815,0.14969,0.11093,0.070902,0.014208,-0.06611,-0.091052,-0.073422,-0.057871,-0.029873,0.013379,0.063345
28,0.067313,0.13642,0.1657,0.19782,0.21161,0.22198,0.23133,0.24698,0.25905,0.27327,0.29992,0.32401,0.34376
28,0.19281,0.39961,0.15441,0.29687,-0.34213,-0.79906,-0.69933,-0.29747,-0.22641,0.48552,0.56856,0.30853,-0.007236
28,0.055362,0.17112,0.25281,0.082554,0.054182,0.28316,0.51164,0.68461,0.41983,0.30668,0.74662,0.96401,0.91935
28,0.21222,0.93748,1.6003,1.8847,1.7472,1.3812,0.9891,0.67562,0.27927,-0.31845,-1.038,-1.5969,-2.0189
29,1.8938,-0.14706,0.49926,-0.23982,0.01205,-0.29629,-0.11129,-0.11403,-0.085295,0.049239,-0.10855,0.11509,-0.11239
29,0.1199,0.9992,1.794,2.2748,3.6523,4.2718,4.4379,4.3833,3.85,2.8558,1.5428,0.9821,-0.47999
29,0.092567,0.040903,-0.24727,0.11751,-0.19238,0.29035,-0.40106,0.26895,-0.20833,0.10639,-0.29189,0.050369,-0.31241
29,1.206,2.7672,2.363,3.8425,3.3986,2.2072,2.4749,1.7513,1.9784,2.7471,2.0822,2.3206,2.1721
29,1.5401,2.0464,1.7771,2.7645,3.1229,2.4221,2.397,2.7808,2.7046,1.4772,1.5841,1.0036,-1.2145
29,0.73076,0.55583,-0.54523,-0.015505,-0.21415,-0.79909,-0.90123,-1.0283,-0.88607,0.29421,-0.20665,-0.19446,-0.11629
29,0.22989,0.63932,0.38022,-0.3162,-0.73238,-0.19897,0.19517,-0.12094,-0.17502,0.36192,0.68876,0.11447,-0.68042
29,-0.16291,0.52843,-0.73838,-0.3769,0.91148,-0.64604,-0.069092,0.74073,-0.55634,-0.20715,0.20767,-0.5342,-0.23729
29,0.010019,-0.034328,-0.012289,-0.030135,-4.57E-05,-0.022501,-0.025384,-0.024346,-0.041944,-0.028765,-0.02408,-0.038578,0.002378
29,0.089524,-0.054412,0.080857,0.0070708,-0.011069,0.022907,-0.016473,0.0095156,0.030935,-0.00050294,0.040718,-0.021954,0.017806
29,0.1502,0.064893,-0.15043,-0.054468,0.098302,0.17015,0.19696,0.26979,0.28115,0.21089,0.4009,0.34269,0.30097
29,0.64628,0.73832,0.3154,0.31377,0.08437,-0.3899,-0.70023,-1.1009,-1.5208,-1.8273,-2.211,-2.494,-2.8079
30,0.087425,-0.88348,-0.1756,-0.16319,-0.92938,-0.29291,-0.064721,0.21639,-0.014759,0.79379,0.51968,0.32657,0.44042
30,-0.038656,0.44991,1.889,2.5509,2.2024,1.7623,1.976,2.1596,1.3308,1.2076,2.1168,2.9966,2.2439
30,0.11879,-0.036526,-0.17312,0.1582,0.15858,-0.40393,0.33009,0.086719,-0.27019,0.23453,0.047199,0.040438,-0.046451
31,0.3596,0.69863,1.024,1.1743,1.5771,1.3533,1.787,1.7837,1.7151,1.8618,1.6791,1.7719,2.0308
31,1.7622,2.4325,2.179,2.0071,1.686,1.6698,1.4786,1.2874,1.1937,1.177,0.9306,0.81375,0.77131
31,0.39465,1.0182,-1.0809,0.46136,0.91238,-1.4723,1.6649,-0.91717,0.48628,0.28763,-0.18426,-0.71205,1.1513
31,0.24001,0.78815,1.3853,2.2596,2.7778,3.0815,3.2968,3.1093,3.3442,3.0617,2.6751,2.3982,1.8257
31,0.053913,0.022774,0.023203,0.033787,0.04875,0.057307,-0.01287,0.059743,0.026382,0.028086,0.02891,0.08872,-0.011227
31,0.05034,-0.079318,0.032948,-0.013662,-0.0453,-0.0058694,-0.016445,0.02221,-0.031743,-0.024067,0.0055807,-0.043334,-0.0063653
31,0.33977,-0.081773,-0.043069,-0.018774,0.33575,0.36545,-0.028302,0.60871,0.33833,0.40694,0.29619,0.89066,0.49754
31,0.64078,0.63137,0.3487,1.0471,0.55602,0.46328,1.181,1.0055,-0.85242,-2.1491,-1.4194,0.9158,-0.25965
31,0.1262,0.013658,-0.057551,0.14564,0.090809,-0.0397,0.094053,0.047742,-0.0036354,0.19616,0.053139,-0.11244,0.18935
31,0.13974,0.22081,0.25897,0.30869,0.31301,0.3937,0.47714,0.49778,0.59275,0.56853,0.50826,0.62426,0.66946
31,0.060851,0.043919,0.014864,-0.021024,-0.0068321,0.10687,-0.00069183,-0.089724,0.05607,0.10996,-0.035345,0.0050088,0.1426
31,0.92106,0.071302,-0.02033,0.73284,-0.14332,0.16099,0.14151,-0.18675,-0.16121,0.8847,0.16921,-1.3933,1.1889
31,0.15113,0.27025,0.29998,0.25907,0.22067,0.33206,0.43235,0.38803,0.46578,0.62495,0.71694,0.89884,0.94827
31,0.12165,0.46073,0.74556,1.119,1.2687,1.2545,1.336,1.4172,1.6819,1.8754,1.9812,2.1577,2.5091
31,0.14907,0.35516,0.30767,0.33558,0.32756,0.4262,0.40879,0.37525,0.48268,0.43717,0.48593,0.56368,0.45164
32,1.7467,2.6218,2.1429,1.9918,1.6426,0.99397,0.87663,1.0075,0.56408,0.29526,0.025613,0.11239,-0.17591
33,0.48572,0.91864,0.90013,1.0676,1.2209,1.2457,1.3769,1.3705,1.2233,1.2401,1.2375,1.2248,1.236
34,0.33012,0.4267,0.44439,0.47684,0.53499,0.68233,0.75815,0.79101,0.86243,0.94252,0.93177,0.86207,0.85037
34,1.321,1.6075,1.3817,1.1861,1.2145,1.6307,1.8003,1.6645,1.3867,1.3353,1.3952,1.0494,0.5602
35,0.077518,0.11317,-0.047399,-0.31664,-0.41412,-0.2872,-0.14136,-0.1411,-0.29335,-0.48657,-0.57501,-0.50521,-0.3579
35,0.11713,0.41086,0.41745,0.27516,0.30173,0.29387,0.34895,0.40147,0.71382,0.94998,0.76123,0.491,0.35302
35,0.086142,0.40583,0.45547,0.41095,0.46231,0.47039,0.44194,0.42739,0.37862,0.1612,-0.13133,-0.34756,-0.42672
36,0.033244,0.065265,0.062962,0.063551,0.062413,0.062155,0.050939,0.03555,0.0044387,-0.028167,-0.060995,-0.085074,-0.097652
36,0.18245,0.67444,1.91,2.3238,1.5457,1.0148,0.74671,0.63844,0.43857,-0.19372,-0.26595,0.27125,0.56803
37,0.13184,0.022987,-0.14503,-0.28755,-0.57406,-0.95078,-1.1995,-1.1274,-0.75335,-0.15791,0.52854,1.0087,0.96464
38,0.16572,-0.17681,-0.40714,-0.49527,-0.376,-0.79094,-0.68368,-0.31248,-0.20732,-0.085513,0.58115,0.82552,0.91808
38,0.60876,1.624,0.73043,1.4398,1.0747,0.94229,1.3344,0.79796,0.99589,0.95132,0.64243,0.76771,0.49557
39,0.10557,0.011574,0.60403,1.2966,1.331,1.1126,0.9893,1.3852,1.2446,0.12001,-0.28624,0.013017,0.074888
